FocalLength	QR_Kcost	QR_Focalcost	QR_PPcost	QR_Skewcost	IAC_Kcost	IAC_Focalcost	IAC_PPcost	IAC_Skewcost
4	0.000200964	0.000102683	0.00013517	8.14902e-09	0.000199098	9.98828e-05	0.00013467	8.21615e-09
5	0.000453069	0.00026862	0.000297401	4.57634e-08	0.000474861	0.000275976	0.000282728	2.57802e-07
6	0.000455872	0.000255188	0.000266441	8.6606e-08	0.000458504	0.000263749	0.000271673	8.33173e-08
7	0.000574507	0.000336158	0.000344547	2.01097e-07	0.000587102	0.000353025	0.000355754	1.81395e-07
8	0.000727572	0.000429081	0.000443424	1.73546e-07	0.000745623	0.000437843	0.00046312	1.79251e-07
9	0.000884519	0.000529972	0.000523199	3.81576e-07	0.00090125	0.000538816	0.000546796	4.05739e-07
10	0.000971074	0.000592959	0.000582898	3.30472e-07	0.000980368	0.000601413	0.00058722	3.33051e-07
11	0.00114036	0.000667205	0.000688989	1.09423e-06	0.00113687	0.000698702	0.000670749	1.041e-06
12	0.00111941	0.000627309	0.000679577	1.15749e-06	0.00113262	0.000646518	0.000701612	1.02468e-06
13	0.00134903	0.000761836	0.000840009	1.76061e-06	0.0013595	0.000761325	0.000853207	1.36139e-06
14	0.00137465	0.000817558	0.000824965	1.74851e-06	0.00138913	0.0008291	0.000845674	1.54137e-06
15	0.00139474	0.000820639	0.000842246	8.83415e-07	0.00141924	0.000847333	0.000864521	9.10609e-07
16	0.00152358	0.000890816	0.000937417	1.30483e-06	0.00154675	0.000922003	0.000943568	2.30853e-06
17	0.00169779	0.0010355	0.00100505	1.853e-06	0.00170969	0.00106196	0.00100514	1.86542e-06
18	0.00162789	0.000968395	0.00096274	2.00259e-06	0.00164345	0.00099064	0.00097247	1.97342e-06
19	0.00191191	0.0011315	0.00117635	2.0891e-06	0.00191184	0.00114891	0.00117233	1.7339e-06
20	0.00196702	0.00118433	0.00117957	2.2651e-06	0.00200166	0.0012151	0.0012093	2.10419e-06
21	0.00196911	0.00115474	0.00118783	2.41454e-06	0.00199122	0.00116727	0.00122117	2.35736e-06
22	0.00219249	0.00126735	0.00134501	5.50296e-06	0.00221122	0.00130226	0.00135275	5.40471e-06
23	0.00209383	0.00125701	0.00125381	1.99091e-06	0.00211057	0.00127343	0.00126924	2.05974e-06
24	0.00242075	0.00142531	0.00144409	5.93785e-06	0.00241285	0.00142451	0.0014676	4.60032e-06
25	0.00242384	0.00143884	0.0014678	2.96156e-06	0.00243293	0.00145852	0.0014808	3.2078e-06
26	0.00256626	0.00151452	0.0015468	1.16798e-05	0.00260497	0.00154801	0.00160219	4.23749e-06
27	0.00258717	0.00151101	0.00156495	7.54427e-06	0.00259316	0.00152697	0.00159016	5.16327e-06
28	0.00277261	0.00166633	0.00163342	7.96462e-06	0.00281586	0.00170832	0.0016771	5.25057e-06
29	0.00282548	0.0016474	0.00172923	1.07295e-05	0.00284092	0.00166356	0.00175373	7.03428e-06
30	0.00288585	0.00167474	0.00175358	7.64251e-06	0.00288409	0.00170654	0.00173827	8.19992e-06
31	0.00315814	0.00188199	0.00192961	7.42853e-06	0.00314598	0.00188599	0.00194754	5.60454e-06
32	0.00334903	0.00200803	0.00201809	1.93956e-05	0.00340696	0.00207254	0.00207888	1.83226e-05
33	0.00325648	0.00188178	0.00200141	7.76822e-06	0.00327322	0.00191053	0.00203573	7.2864e-06
34	0.00317812	0.0018653	0.00194323	7.30865e-06	0.00320824	0.00191086	0.00197332	6.9158e-06
35	0.00340721	0.00205188	0.00203045	1.47563e-05	0.00343577	0.00207724	0.00210049	6.20286e-06
36	0.00359474	0.00218987	0.00214744	8.99275e-06	0.00358939	0.00219533	0.00215804	1.0363e-05
37	0.00370211	0.00217836	0.00227535	1.04097e-05	0.00374441	0.00223627	0.0023379	7.89036e-06
38	0.00363995	0.00215616	0.00220643	1.47431e-05	0.00368471	0.00220078	0.0022397	2.40143e-05
39	0.00371837	0.00217862	0.00225172	1.25531e-05	0.00372228	0.00221488	0.00223963	1.84664e-05
40	0.00387192	0.00227088	0.00239449	1.66461e-05	0.00385694	0.00229477	0.00238916	1.32677e-05
41	0.00401619	0.00234219	0.00239579	7.27489e-05	0.00401203	0.00237829	0.0024659	2.24634e-05
42	0.00387918	0.00230701	0.00235292	7.68255e-06	0.00387936	0.00232764	0.00237398	6.95884e-06
43	0.00402548	0.00243429	0.00242832	8.37353e-06	0.00404635	0.00245328	0.00246284	1.33455e-05
44	0.00418038	0.00243071	0.00258872	1.00207e-05	0.00418719	0.00247057	0.002618	8.88142e-06
45	0.00435769	0.00253044	0.00272037	1.15048e-05	0.00436179	0.00254715	0.00276457	1.27964e-05
46	0.00440125	0.00271299	0.00263674	9.77018e-06	0.00443709	0.00276729	0.00269959	7.28873e-06
47	0.00452684	0.00266975	0.00275878	2.93272e-05	0.00452014	0.00267794	0.0028093	3.01698e-05
48	0.00471557	0.00282047	0.00278724	9.00873e-05	0.00465657	0.00285026	0.00280002	5.67269e-05
49	0.00444556	0.00261578	0.00271337	1.63881e-05	0.00439849	0.00265633	0.0026939	1.23207e-05
50	0.00448474	0.00268328	0.0027557	1.35377e-05	0.00450991	0.00270999	0.00283853	2.1854e-05
51	0.00491841	0.00288902	0.00303157	1.95088e-05	0.00493489	0.00292176	0.00306383	2.01556e-05
52	0.00482579	0.00288618	0.00297347	1.019e-05	0.00481272	0.00293622	0.00298505	8.22159e-06
53	0.00474228	0.00284612	0.00289185	1.14742e-05	0.00470074	0.00288159	0.00292298	1.05034e-05
54	0.00477938	0.00292711	0.00287241	1.24262e-05	0.00477021	0.00298855	0.00291852	1.08084e-05
55	0.00472603	0.00283533	0.00290717	1.15963e-05	0.00469653	0.00289776	0.00292382	1.01855e-05
56	0.00477331	0.00285454	0.00295823	1.01638e-05	0.00476991	0.00290496	0.002979	9.342e-06
57	0.00507419	0.00298395	0.00312731	2.92375e-05	0.00503635	0.00307694	0.00311719	2.70256e-05
58	0.00528836	0.00329364	0.00321057	1.01397e-05	0.00529838	0.00334939	0.00326991	8.50694e-06
59	0.00517672	0.00303391	0.00324354	1.23229e-05	0.00513282	0.00307054	0.00325175	8.9942e-06
60	0.00579027	0.00338319	0.00379853	2.64473e-05	0.0057248	0.003373	0.00378852	1.3394e-05
61	0.00565697	0.00340728	0.00347898	3.61713e-05	0.00563708	0.00341742	0.00353802	1.21482e-05
62	0.00555577	0.00329112	0.00347898	3.79465e-05	0.00553311	0.00342048	0.00354526	9.92641e-06
63	0.00633494	0.00367596	0.0040529	2.32479e-05	0.00628531	0.00385342	0.003944	4.09706e-05
64	0.0063421	0.00394712	0.0039284	3.08876e-05	0.00631938	0.00409994	0.00380172	1.21324e-05
65	0.00536573	0.00324744	0.00332472	2.15243e-05	0.00527627	0.00326199	0.00336173	1.6009e-05
66	0.00611227	0.00387395	0.00374558	2.41091e-05	0.0062407	0.00411677	0.00368975	2.29404e-05
67	0.00632535	0.0036616	0.00405585	0.000171778	0.00623375	0.00375361	0.00404867	7.07826e-05
68	0.00594156	0.00356463	0.00372513	1.56933e-05	0.00581571	0.00363341	0.00364071	1.41267e-05
69	0.00649889	0.004005	0.00393156	5.98334e-05	0.0064467	0.00408769	0.00393145	5.72736e-05
70	0.00673945	0.00428708	0.00403979	9.76263e-05	0.00673877	0.00441114	0.00419208	1.03741e-05
71	0.00660394	0.00396707	0.0042521	1.8292e-05	0.00638764	0.0039741	0.00412233	1.38895e-05
72	0.00618427	0.00374847	0.00388728	2.28578e-05	0.00605475	0.00383985	0.00373146	1.12491e-05
73	0.0060822	0.00383703	0.00365897	1.49118e-05	0.00599302	0.00386336	0.00370747	1.19548e-05
74	0.00687728	0.00404293	0.00438824	4.60808e-05	0.00677967	0.00405561	0.00447475	2.98091e-05
75	0.00635704	0.00392834	0.00399407	2.11412e-05	0.0062112	0.00396155	0.00392265	1.73899e-05
76	0.00697972	0.0041807	0.00459805	3.77175e-05	0.00671647	0.00402967	0.00450341	5.70764e-05
77	0.00730893	0.00439893	0.00466243	2.82757e-05	0.00697265	0.00450868	0.00434298	2.00001e-05
78	0.00648964	0.00386126	0.00425821	1.17517e-05	0.00636009	0.00382868	0.00426604	9.46962e-06
79	0.00674085	0.00418012	0.00424733	1.86205e-05	0.00660539	0.00427864	0.00414721	1.411e-05
80	0.00696919	0.00441875	0.00435229	1.27463e-05	0.00685035	0.0044252	0.00438256	1.01721e-05
81	0.00677465	0.00424443	0.00418845	1.80424e-05	0.00666109	0.00432595	0.00416975	9.90237e-06
82	0.00778432	0.0050065	0.00486465	1.35754e-05	0.00799419	0.00511282	0.00522568	0.000120522
83	0.0063793	0.00381062	0.00407624	1.32158e-05	0.00624527	0.00389735	0.00404477	8.22311e-06
84	0.00680775	0.00421806	0.00434001	1.19615e-05	0.00663846	0.00418827	0.00435954	5.63634e-06
85	0.00643706	0.00406078	0.0039513	2.04714e-05	0.00625358	0.00414212	0.0038616	7.31973e-06
86	0.00706371	0.00440247	0.00454272	1.12847e-05	0.00692801	0.00444683	0.00452721	7.2519e-06
87	0.00747193	0.00469975	0.00473134	1.2301e-05	0.00737305	0.00478631	0.00471713	6.78914e-06
88	0.00720642	0.00455887	0.00448525	1.33751e-05	0.00697956	0.00456889	0.00444618	5.40212e-06
89	0.00749924	0.0043568	0.00511575	1.69531e-05	0.00737493	0.00439695	0.00501087	2.33276e-05
90	0.00849794	0.00520307	0.00560317	8.03531e-06	0.00851707	0.00527677	0.00576241	6.71061e-06
91	0.00792721	0.00520926	0.00492778	1.02259e-05	0.00791475	0.00538332	0.00491979	8.99952e-06
92	0.00794933	0.00492519	0.00511167	2.22159e-05	0.00789716	0.00496349	0.00528925	1.49703e-05
93	0.00787216	0.00505706	0.00485145	1.06237e-05	0.007787	0.00523395	0.00480651	6.54487e-06
94	0.00814945	0.00474608	0.00555074	1.11373e-05	0.00787607	0.00488363	0.00533402	8.42191e-06
95	0.00865695	0.00550328	0.0053861	9.95969e-05	0.00816416	0.0053919	0.00512451	6.89343e-05
96	0.00754783	0.00473707	0.00479811	2.77443e-05	0.00739499	0.00476887	0.0048064	2.66903e-05
97	0.00754709	0.00476029	0.00486008	9.30369e-06	0.00738472	0.00480443	0.0048397	6.05348e-06
98	0.00811737	0.00508705	0.00523106	1.00982e-05	0.00809847	0.00536139	0.00515633	7.47683e-06
99	0.00735286	0.00471678	0.00467016	6.69588e-06	0.00718448	0.00470743	0.00463334	2.93028e-06
100	0.00763449	0.00496606	0.00474925	6.04069e-06	0.00733037	0.00491962	0.00457213	3.35408e-06
101	0.00781807	0.00446198	0.00545156	2.50151e-05	0.00768162	0.00453051	0.00545369	1.56041e-05
102	0.00996568	0.00610103	0.00622054	0.000662426	0.00850228	0.00594758	0.00507473	8.00694e-06
103	0.00915513	0.00584475	0.00589034	1.59337e-05	0.00901235	0.00606444	0.00571136	1.12148e-05
104	0.00740538	0.00446703	0.00490858	1.21374e-05	0.00731144	0.00471565	0.00481922	3.97377e-06
105	0.00781056	0.00477229	0.00503939	8.45011e-06	0.00767287	0.00480996	0.0051569	2.69335e-06
106	0.00898008	0.00574279	0.00596394	1.2102e-05	0.00899456	0.00617567	0.00544998	0.000208333
107	0.0115277	0.00799711	0.00653801	2.19074e-05	0.0117415	0.00845248	0.00686509	6.47711e-06
108	0.0121922	0.00669746	0.00862708	3.44766e-05	0.0116844	0.00703343	0.0081432	5.08209e-05
109	0.00793399	0.00507794	0.00496258	1.04914e-05	0.00769187	0.00525602	0.00477327	3.09491e-06
110	0.0107329	0.00702356	0.00686234	3.30644e-05	0.0104365	0.00690195	0.00679552	2.38102e-05
111	0.00838182	0.00550802	0.0051502	1.08544e-05	0.0082714	0.00558836	0.00535727	2.50368e-06
112	0.00865159	0.00581002	0.00533665	1.16424e-05	0.00851938	0.00583034	0.00537606	4.30222e-06
113	0.00900331	0.00562402	0.00583789	1.8159e-05	0.00897372	0.00587677	0.00594266	2.55144e-06
114	0.0126209	0.00786637	0.00841973	0.000261926	0.0118877	0.00786939	0.00784117	0.000214952
115	0.00870398	0.00527105	0.00583744	8.84103e-06	0.00828021	0.00531382	0.00554469	3.47082e-06
116	0.0104597	0.00690874	0.00652818	1.44958e-05	0.0102431	0.0068405	0.00650377	4.89966e-06
117	0.0088446	0.00546856	0.00588393	1.60387e-05	0.00854361	0.0051984	0.00598382	3.84472e-06
118	0.00920468	0.00604607	0.00561634	1.82439e-05	0.00875161	0.00591378	0.00557874	6.10923e-06
119	0.00993142	0.00608235	0.00649187	2.94535e-05	0.00952732	0.0059618	0.00645681	3.81322e-06
120	0.0115775	0.00697276	0.00793151	8.99975e-05	0.01172	0.00720074	0.00840229	3.1546e-06
121	0.0098937	0.00559336	0.00683548	1.27543e-05	0.00921428	0.00567499	0.00622479	2.95108e-06
122	0.0103484	0.00642354	0.00690499	1.49047e-05	0.0102645	0.00674922	0.00692263	1.32534e-05
123	0.00849942	0.00561572	0.00520271	9.29653e-06	0.00820439	0.0055571	0.0051748	2.20096e-06
124	0.0107896	0.00733557	0.00654623	1.32341e-05	0.0104917	0.00754232	0.00623665	2.28595e-06
125	0.0115999	0.00759367	0.00746949	2.16002e-05	0.0114112	0.00773982	0.00741098	6.79794e-06
126	0.0108424	0.00665249	0.00734071	1.07971e-05	0.0103968	0.00665774	0.00717816	1.36062e-06
127	0.00955078	0.00595271	0.00637912	8.99702e-06	0.00935851	0.00613875	0.00619307	1.47836e-06
128	0.00911527	0.00574455	0.00566035	1.14863e-05	0.00894663	0.00592107	0.00579471	1.09392e-06
129	0.0125165	0.00819573	0.00793691	1.16748e-05	0.0126038	0.0085024	0.00811298	1.95113e-06
130	0.0101504	0.00600349	0.00715645	8.63439e-06	0.00979386	0.00602229	0.00701258	2.23942e-06
131	0.0115505	0.00721485	0.00684368	0.000376346	0.0107522	0.00693648	0.00723682	3.62914e-06
132	0.0198344	0.0128213	0.0138399	1.96236e-05	0.0208992	0.014777	0.0138338	4.67562e-05
133	0.0104092	0.00696188	0.00649204	1.08918e-05	0.0101919	0.00710417	0.00636938	1.31648e-06
134	0.0136876	0.00827071	0.00895001	4.52573e-05	0.0131662	0.00876496	0.00875366	3.84604e-06
135	0.0152054	0.0113162	0.00855046	2.50103e-05	0.0144733	0.0107749	0.00822304	4.90964e-06
136	0.0143453	0.00931739	0.00946117	1.60001e-05	0.0144929	0.00927018	0.00987235	8.50119e-06
137	0.0165425	0.0111656	0.00945864	0.001169	0.0149568	0.00986154	0.0102723	6.04023e-06
138	0.0149474	0.00869112	0.010676	6.71322e-05	0.0141491	0.00852256	0.0104321	1.11611e-06
139	0.017183	0.00917533	0.0123337	3.10894e-05	0.0161658	0.00912117	0.0116588	4.97921e-05
140	0.0124329	0.00807111	0.00764807	2.03153e-05	0.0122371	0.00836038	0.00754443	2.05785e-06
141	0.0132998	0.00906638	0.00836996	1.12657e-05	0.0128508	0.00904012	0.00811807	9.63912e-07
142	0.0121323	0.00789109	0.007801	1.98721e-05	0.0116133	0.00771289	0.00761679	2.02382e-06
143	0.0121852	0.0078406	0.00782249	2.51018e-05	0.0119495	0.0080906	0.00789583	5.03345e-07
144	0.0117058	0.00773451	0.00729752	2.12723e-05	0.0112291	0.00782458	0.00710885	3.33149e-07
145	0.00968786	0.00647632	0.00592989	8.94582e-06	0.00939253	0.00672567	0.00574946	9.95525e-07
146	0.0109336	0.00719787	0.00692677	1.51257e-05	0.0107409	0.00717541	0.0070009	6.8953e-07
147	0.0114671	0.00754856	0.00756419	1.25309e-05	0.0115824	0.00772475	0.00774528	1.40968e-06
148	0.0116313	0.00774113	0.00707621	1.51824e-05	0.0113585	0.00795726	0.00706725	7.11543e-07
149	0.0124521	0.00794944	0.00792662	1.25967e-05	0.011884	0.00783748	0.00785342	2.12293e-06
150	0.0124681	0.00826267	0.00803568	1.25718e-05	0.0118518	0.00822178	0.00768442	9.62053e-07
151	0.0168737	0.0101215	0.0121083	1.09178e-05	0.0163495	0.0101507	0.0116978	7.07201e-07
152	0.0282478	0.0177274	0.0162827	0.00850436	0.0298032	0.0233896	0.0162663	6.7713e-05
153	0.0122937	0.00776454	0.0082105	1.45006e-05	0.0117759	0.0080035	0.00755214	3.59341e-07
154	0.0110865	0.00751763	0.00704612	1.42084e-05	0.0110745	0.00797875	0.00665032	9.36256e-07
155	0.0229795	0.0135972	0.014	0.00357338	0.0244465	0.0105648	0.0199964	2.91129e-05
156	0.0271192	0.0170756	0.0191032	3.81592e-05	0.0245588	0.0116454	0.0190639	0.000236231
157	0.0120734	0.00803857	0.00759824	4.05293e-06	0.0121097	0.00813151	0.00766585	6.64425e-07
158	0.0313139	0.0228502	0.0189611	0.00260345	0.0305377	0.0263879	0.0118313	3.88892e-05
159	0.0142412	0.00933502	0.00913916	7.0648e-06	0.013999	0.009392	0.00909893	7.42277e-07
160	0.0181061	0.0113036	0.0123004	1.6204e-05	0.0183037	0.0122598	0.0123443	1.07726e-06
161	0.0145156	0.00942135	0.00910598	2.06643e-05	0.0147168	0.00948347	0.00978323	6.7851e-07
162	0.0128872	0.00778222	0.00879116	1.08784e-05	0.0123206	0.00732288	0.00873828	8.01596e-07
163	0.0134116	0.00872027	0.00871966	1.69285e-05	0.0130065	0.00911989	0.00831796	4.10888e-07
164	0.0139749	0.00923392	0.00904854	1.19567e-05	0.0139392	0.00985284	0.00863932	3.69582e-07
165	0.0200885	0.0124325	0.0135326	4.85609e-05	0.0203757	0.0132345	0.0138929	6.34523e-06
166	0.0149838	0.0101161	0.00916757	2.48468e-05	0.0146492	0.0103763	0.00909993	3.31013e-07
167	0.015836	0.00978711	0.0103804	2.19338e-05	0.0156969	0.00979979	0.0111555	6.29225e-07
168	0.0287924	0.0225711	0.0121977	4.12984e-05	0.0339663	0.0273052	0.0163275	5.56288e-07
169	0.0164688	0.0105788	0.0108086	1.92303e-05	0.0156647	0.0107221	0.0101482	6.28066e-07
170	0.015045	0.0110101	0.00829736	2.8973e-05	0.0146986	0.0108349	0.00869686	5.01416e-07
171	0.0232509	0.0143541	0.0160863	3.00889e-05	0.0237805	0.0142224	0.0172025	1.01485e-05
172	0.0161985	0.00998948	0.0106495	2.06919e-05	0.0152971	0.0100996	0.0102151	6.81674e-07
173	0.0193453	0.0129416	0.0114249	2.04795e-05	0.019674	0.0140583	0.0113428	1.12359e-06
174	0.0171593	0.0103747	0.0116925	2.99371e-05	0.0172291	0.0112911	0.0115417	9.02184e-06
175	0.0197586	0.0123705	0.0120723	0.000178241	0.0208948	0.0114277	0.0156165	9.41092e-07
176	0.0201773	0.0139054	0.0124236	4.07576e-05	0.0211403	0.0146985	0.0142412	8.61536e-07
177	0.0221099	0.0164859	0.0131513	1.02195e-05	0.0188691	0.0149852	0.00949404	9.85022e-07
178	0.0189938	0.0131122	0.011772	1.74623e-05	0.0191429	0.0134846	0.0118014	2.43374e-07
179	0.017114	0.0113625	0.0108068	1.23675e-05	0.0171541	0.0114256	0.0108894	1.04583e-06
180	0.0165302	0.00992369	0.010823	5.74657e-05	0.0155686	0.0106097	0.00987526	2.09508e-07
181	0.0218331	0.0135759	0.0147701	3.43927e-05	0.0205849	0.0129659	0.013938	2.42348e-06
182	0.02028	0.0133185	0.0130823	9.34438e-06	0.0199897	0.0136345	0.0126798	1.40779e-06
183	0.0170542	0.0110115	0.0113342	1.09946e-05	0.0176365	0.0105059	0.0126627	2.00666e-07
184	0.0302923	0.0219217	0.0186877	7.50685e-05	0.0293693	0.0205137	0.0187673	2.93682e-07
185	0.0206933	0.0145274	0.0122618	5.54525e-05	0.0195332	0.0151559	0.0106447	1.97558e-07
186	0.0201384	0.0138292	0.0120655	2.48129e-05	0.0176689	0.0133006	0.0101494	3.50798e-07
187	0.0229165	0.0142762	0.014001	3.8793e-05	0.0219558	0.0149026	0.0129906	4.97263e-07
188	0.0251696	0.016144	0.0162269	7.78266e-05	0.0240637	0.0155205	0.0159512	3.76403e-07
189	0.0210291	0.0156414	0.0110338	4.25037e-05	0.0191593	0.0151138	0.00938321	1.19866e-07
190	0.0195913	0.0133423	0.0127391	2.91403e-05	0.0176297	0.0125166	0.0110088	1.62785e-07
191	0.0360615	0.0222214	0.0256957	3.94645e-05	0.0305328	0.0200798	0.0203289	3.7579e-06
192	0.0230634	0.0167957	0.0130185	5.41214e-05	0.0215066	0.0161477	0.0121861	2.61095e-07
193	0.0243098	0.016209	0.014427	4.203e-05	0.0228185	0.0163764	0.0135537	5.50091e-07
194	0.0242842	0.0144226	0.0169747	3.5414e-05	0.0238275	0.0147344	0.0166668	1.19814e-06
195	0.0266003	0.0132747	0.0180528	0.000147214	0.0232579	0.0119233	0.0175767	6.16135e-07
196	0.0284588	0.018284	0.0177929	2.27814e-05	0.030104	0.0200118	0.0197202	1.4439e-06
197	0.0250979	0.0168807	0.0150923	5.52886e-05	0.0237298	0.0177012	0.0138252	3.55413e-07
198	0.0241657	0.0178105	0.0135834	3.68604e-05	0.0244806	0.0186936	0.0138727	6.47055e-07
199	0.0225646	0.0144078	0.0158568	2.34233e-05	0.0210887	0.0141301	0.0141423	1.32608e-07
200	0.0298777	0.021524	0.0171135	4.60534e-05	0.0312566	0.0230169	0.0179755	1.36059e-07
201	0.0294147	0.0177409	0.0198846	9.56251e-05	0.0284778	0.0164961	0.0211074	3.6905e-07
202	0.0246526	0.0139641	0.0173703	6.94112e-05	0.0237094	0.0143466	0.0164843	2.24272e-07
204	0.0327516	0.0211483	0.0189908	0.000163044	0.0304549	0.0214096	0.0183759	1.51669e-06
205	0.0294451	0.0215446	0.0166844	8.71253e-05	0.0275349	0.0206394	0.0150571	4.98724e-07
206	0.0325939	0.0257714	0.0152475	0.000123332	0.0320542	0.0260684	0.0163763	9.9128e-07
207	0.025864	0.0156589	0.016923	4.4027e-05	0.0237095	0.0150136	0.0153986	1.52451e-07
208	0.0343321	0.0227758	0.0209313	0.000140071	0.0294059	0.0216319	0.0174891	3.4119e-07
209	0.032426	0.0237142	0.0197358	1.90004e-05	0.0328235	0.0239399	0.0199672	4.81373e-07
210	0.0397327	0.0273073	0.0256316	2.86947e-05	0.0389587	0.0277584	0.0244624	1.09142e-07
212	0.0283743	0.0174891	0.0189615	6.67923e-05	0.0288389	0.0190288	0.0196507	3.10744e-07
213	0.0257469	0.0178253	0.0141602	8.468e-05	0.0241782	0.018122	0.0135778	7.10249e-08
214	0.0264261	0.0178346	0.0150678	6.52313e-05	0.025413	0.0191074	0.0142891	1.57816e-07
222	0.0563614	0.0383828	0.0377314	0.00021341	0.0571579	0.0374505	0.0409817	9.97941e-07
225	0.0339692	0.0220778	0.0217794	8.34222e-05	0.0351459	0.0252906	0.021378	2.41286e-07
