FocalLength	QR_Kcost	QR_Focalcost	QR_PPcost	QR_Skewcost	IAC_Kcost	IAC_Focalcost	IAC_PPcost	IAC_Skewcost
4	0.00146606	0.0007738	0.000690014	3.53998e-06	0.000587032	0.000240249	0.000399994	8.01701e-07
5	0.000972	0.000623218	0.000501772	8.94509e-07	0.000429641	0.000231726	0.00026461	7.81909e-08
6	0.00170488	0.000948127	0.000950851	8.39698e-06	0.000745742	0.000426074	0.00048699	4.10351e-07
7	0.0017996	0.00105889	0.0010302	4.92074e-06	0.000997815	0.000627206	0.000592321	5.33125e-07
8	0.00276973	0.0016363	0.00154978	4.77215e-05	0.000983581	0.000604626	0.000598534	9.21915e-07
9	0.00380096	0.00221953	0.00220694	7.60967e-05	0.00102473	0.000616455	0.00063776	7.05284e-07
10	0.00476886	0.00270865	0.00283334	0.000174941	0.00130933	0.000765795	0.000827573	1.3091e-06
11	0.00390848	0.00232457	0.00228026	8.33048e-05	0.0014251	0.000876768	0.000906652	1.08154e-06
12	0.00463541	0.00277045	0.00279589	4.52476e-05	0.00158232	0.000970336	0.000975414	1.75867e-06
13	0.00485687	0.00305012	0.0026041	0.000163211	0.00161004	0.000960033	0.0010178	1.78683e-06
14	0.00517592	0.00291187	0.00304245	0.000126187	0.00186964	0.00112704	0.00119269	1.89866e-06
15	0.00631848	0.00365556	0.00398411	0.000108259	0.00188253	0.00111348	0.00120626	2.43543e-06
16	0.0067217	0.00377876	0.00415588	0.000182456	0.00204814	0.00125089	0.00126958	3.01433e-06
17	0.00674427	0.00377562	0.00421347	0.000155468	0.00220392	0.00130934	0.00139058	3.57752e-06
18	0.00670628	0.00396306	0.00404629	0.000152253	0.00235929	0.00146287	0.00147012	2.57572e-06
19	0.0069417	0.0039559	0.00446024	9.68681e-05	0.00245586	0.0014338	0.00157648	4.38804e-06
20	0.00772447	0.00452778	0.00448755	0.000350331	0.00250088	0.00155531	0.00151792	2.96187e-06
21	0.00735176	0.00409856	0.00445591	0.000324439	0.00258035	0.00154278	0.00160923	4.39668e-06
22	0.00850711	0.00514104	0.0049725	0.000262764	0.00274858	0.00165383	0.0017221	4.28319e-06
23	0.00915282	0.00519835	0.00542461	0.000518829	0.00297645	0.00185198	0.00180868	4.21479e-06
24	0.00950424	0.00556091	0.00562834	0.000370129	0.00295768	0.00176357	0.00183919	8.11262e-06
25	0.00894036	0.00507106	0.00546549	0.000267386	0.00322592	0.00190239	0.002033	1.06459e-05
26	0.010468	0.00612548	0.00617392	0.000530133	0.00331716	0.00198778	0.00206246	8.67225e-06
27	0.0096812	0.00576702	0.00562121	0.000404869	0.00332793	0.00201618	0.00207758	5.36562e-06
28	0.0106751	0.00587025	0.00668336	0.000568559	0.00342715	0.00205717	0.00213065	8.31426e-06
29	0.0106835	0.00638722	0.0061631	0.000503142	0.00371674	0.00219498	0.00236353	1.21725e-05
30	0.0116117	0.00660804	0.00706487	0.000596508	0.0038611	0.00233996	0.00242099	8.60827e-06
31	0.0112248	0.00653375	0.00661871	0.000629017	0.00381169	0.0023073	0.00238104	7.57252e-06
32	0.0120068	0.00710001	0.00743567	0.000463082	0.00410776	0.0024134	0.00265667	1.17989e-05
33	0.0127194	0.00758841	0.00725683	0.0010054	0.00407022	0.00242988	0.0025523	1.07714e-05
34	0.0137175	0.00814049	0.00847728	0.000577162	0.00438879	0.00276014	0.00266595	1.04513e-05
35	0.0123419	0.00750545	0.00694619	0.000939971	0.00415387	0.00250169	0.00261831	9.51137e-06
36	0.0141984	0.00812644	0.00835137	0.0012755	0.00458361	0.00277145	0.00287459	1.04676e-05
37	0.013469	0.00778717	0.00814881	0.000663591	0.00448615	0.00268804	0.00283612	1.09087e-05
38	0.0138773	0.00846693	0.00786922	0.000788775	0.00478911	0.0028662	0.00304539	2.22854e-05
39	0.0139195	0.00822102	0.00804374	0.00102408	0.00488039	0.00298912	0.00307224	1.35273e-05
40	0.015544	0.0090156	0.00939819	0.00106306	0.00487527	0.00297538	0.00308191	1.35121e-05
41	0.0156347	0.00905808	0.00944097	0.000825146	0.00576057	0.00349362	0.00359088	3.31244e-05
42	0.0155146	0.0094911	0.00895972	0.000862526	0.00496448	0.0030233	0.00312152	1.19632e-05
43	0.0151808	0.00916439	0.00880683	0.000984244	0.00509485	0.00307877	0.00312437	1.98458e-05
44	0.0186595	0.0108486	0.0110351	0.00179165	0.00537601	0.00332031	0.00328294	1.64514e-05
45	0.0158265	0.0091643	0.00917857	0.00112045	0.0055328	0.00339671	0.00346285	1.74269e-05
46	0.0180747	0.0106298	0.0104566	0.00162813	0.0055138	0.00338805	0.00342531	1.73619e-05
47	0.0178164	0.010384	0.0107841	0.00159591	0.00554194	0.00336645	0.00351519	1.6725e-05
48	0.0146897	0.00878578	0.00870771	0.000557745	0.00575379	0.0034447	0.00371144	2.67071e-05
49	0.0202698	0.0112647	0.012357	0.00318316	0.00595412	0.00373282	0.00369579	1.12355e-05
50	0.0191429	0.0111253	0.0115219	0.00245896	0.00568861	0.00348692	0.00362185	1.48139e-05
51	0.0171557	0.0101274	0.0102917	0.000938834	0.00597297	0.00371711	0.00371977	1.57418e-05
52	0.0180945	0.0107104	0.0107606	0.00119485	0.00590795	0.0036267	0.00373605	1.51769e-05
53	0.0161417	0.00933829	0.0100109	0.000567462	0.00673225	0.00428901	0.00418146	1.78663e-05
54	0.0219919	0.0132116	0.0129556	0.00193937	0.00620111	0.00387474	0.00387008	1.66705e-05
55	0.0168694	0.010498	0.00935411	0.00107385	0.00655501	0.00400071	0.0042253	1.71067e-05
56	0.0237281	0.0135522	0.0141747	0.00372316	0.00686026	0.00437976	0.00424592	1.89672e-05
57	0.0208746	0.0124471	0.0127565	0.00143734	0.00634037	0.00403183	0.0040076	1.35492e-05
58	0.0222482	0.0132629	0.0129019	0.00275149	0.00652404	0.00400561	0.00416676	2.04251e-05
59	0.0221995	0.0129604	0.0129201	0.00349104	0.00728987	0.00477069	0.00446913	1.70222e-05
60	0.0200292	0.0122591	0.0119339	0.000901461	0.00720586	0.0043528	0.00467511	3.15543e-05
61	0.0206735	0.0117702	0.0119246	0.00434566	0.00657824	0.00411627	0.00416726	1.39374e-05
62	0.0224599	0.0129691	0.0131486	0.0034001	0.00692454	0.00437553	0.0044288	2.67824e-05
63	0.0276583	0.0172443	0.0154595	0.00447382	0.00723248	0.00465879	0.00448121	1.53427e-05
64	0.019185	0.0115505	0.0111247	0.00157515	0.00689373	0.00429888	0.00445049	1.50141e-05
65	0.0202146	0.0114905	0.0121317	0.00185813	0.00739121	0.00463516	0.00472394	1.5637e-05
66	0.0225901	0.0127311	0.0142137	0.00204868	0.00779188	0.00480762	0.00488544	3.47572e-05
67	0.0263437	0.0164801	0.0154091	0.00168523	0.0071763	0.00444137	0.00457944	3.61153e-05
68	0.0315136	0.0171009	0.0190764	0.00876647	0.00803379	0.00520911	0.00495561	1.56791e-05
69	0.0293486	0.0165856	0.0179855	0.00465248	0.00839689	0.00531543	0.00536251	3.4453e-05
70	0.0236206	0.0146305	0.0138064	0.000733551	0.00834376	0.00524445	0.00540591	2.56589e-05
71	0.027246	0.0171609	0.0158511	0.0014027	0.00832517	0.00528851	0.00528535	2.16998e-05
72	0.0298971	0.0181223	0.0172688	0.00308483	0.0071641	0.0046657	0.00454353	7.34483e-06
73	0.0262646	0.0152449	0.0163791	0.00245668	0.00844491	0.00540016	0.00550825	1.87566e-05
74	0.021224	0.0131266	0.0123407	0.00104117	0.00840047	0.00549079	0.00534673	1.56795e-05
75	0.0220179	0.0135055	0.011664	0.00216578	0.00821178	0.00537474	0.00518142	1.46966e-05
76	0.0249249	0.0155197	0.0144029	0.00301035	0.00817138	0.0049676	0.00549074	4.11635e-05
77	0.0254366	0.0165029	0.0148741	0.000773086	0.00794929	0.00507541	0.0051218	1.52213e-05
78	0.0193123	0.0111339	0.0121342	0.000986933	0.00763399	0.0047727	0.00503582	1.2026e-05
79	0.0284735	0.0160501	0.018462	0.00353783	0.0094335	0.00643814	0.0058089	1.92056e-05
80	0.0232162	0.0134266	0.0139038	0.00244261	0.00773102	0.00515038	0.0048184	1.75733e-05
81	0.0267132	0.0151094	0.0154132	0.0094637	0.0083725	0.00540853	0.00547946	9.96723e-06
82	0.0244619	0.0145266	0.0139244	0.00420818	0.00798813	0.00525064	0.00505544	1.05879e-05
83	0.0257977	0.0146013	0.0135511	0.00913532	0.00842384	0.00531357	0.00553638	2.24117e-05
84	0.0292899	0.0171636	0.0186906	0.00134544	0.00927389	0.00588118	0.00620284	9.22008e-06
85	0.0346819	0.0185401	0.022258	0.00403682	0.00924236	0.00604681	0.00591118	2.60673e-05
86	0.0233606	0.0114668	0.0145869	0.00785974	0.00785423	0.0051548	0.00502228	7.09948e-06
87	0.0377821	0.0218165	0.022424	0.0106817	0.00921379	0.0059739	0.00592482	1.61583e-05
88	0.0314721	0.0205819	0.0172317	0.00599086	0.00911124	0.00605829	0.00585028	9.84345e-06
89	0.0217926	0.013648	0.012276	0.00250517	0.0089589	0.00604677	0.00556765	9.8145e-06
90	0.0296208	0.0175252	0.0187422	0.00176068	0.00930738	0.00650638	0.00553264	1.03773e-05
91	0.0226873	0.0128031	0.0144655	0.000848842	0.00892772	0.00616509	0.00543789	6.19432e-06
92	0.0354837	0.0196259	0.0210645	0.0160451	0.0084307	0.00557374	0.00540865	5.30448e-06
93	0.0290889	0.0176398	0.0173785	0.00405203	0.0107725	0.00722114	0.00691199	8.77255e-06
94	0.031938	0.0204549	0.0198402	0.00100104	0.0105759	0.00726089	0.00657654	1.10179e-05
95	0.0312345	0.0198581	0.0190903	0.00199448	0.00924429	0.0059163	0.00632153	9.06905e-06
96	0.0373269	0.0257451	0.0178131	0.00354699	0.00900452	0.00599246	0.00587877	1.0057e-05
97	0.0357681	0.0224046	0.0210995	0.00391808	0.0103091	0.00642658	0.00706586	2.02396e-05
98	0.0255591	0.0166126	0.0139514	0.0014437	0.0104249	0.00718212	0.00655814	1.52588e-05
99	0.0350842	0.0197281	0.0221239	0.00480572	0.0108902	0.0075974	0.00666859	7.15374e-06
100	0.0259947	0.0158181	0.0149222	0.00124175	0.0097525	0.006452	0.00628662	6.92551e-06
101	0.0279049	0.016831	0.0165855	0.00186158	0.0101902	0.0065781	0.00673197	8.72558e-06
102	0.0355734	0.0199833	0.0245931	0.00622149	0.0104994	0.00678322	0.00705303	1.2759e-05
103	0.0289377	0.0186604	0.0164371	0.00240922	0.0101907	0.00677593	0.00634924	9.7841e-06
104	0.0271622	0.0170866	0.0146966	0.00125175	0.0102022	0.0065982	0.0068745	3.35689e-06
105	0.029269	0.0169951	0.0174492	0.00243908	0.00954152	0.00667986	0.00585536	2.2782e-06
106	0.0517158	0.0319026	0.0274511	0.0221915	0.0116707	0.0080635	0.00741927	6.47493e-06
107	0.0388756	0.0200316	0.0261017	0.00801069	0.0092957	0.00595231	0.00625487	3.32785e-06
108	0.0224935	0.0142687	0.012987	0.000413763	0.0117611	0.00769295	0.00769189	7.25765e-06
109	0.0235042	0.0139642	0.0142935	0.000529995	0.0110375	0.00737349	0.00728285	4.25011e-06
110	0.0277131	0.0171892	0.0170057	0.000773416	0.0110178	0.00709888	0.00744232	4.79842e-06
111	0.0452145	0.0211706	0.0318384	0.0196911	0.0109492	0.0072414	0.00719907	2.84479e-06
112	0.027091	0.0159528	0.0165261	0.00129543	0.0119138	0.00804026	0.00782337	3.03613e-06
113	0.0303498	0.0200526	0.015165	0.00466544	0.011381	0.00798682	0.00711499	3.91475e-06
114	0.0324723	0.02072	0.0186892	0.00542018	0.0126804	0.00808325	0.00845511	3.78044e-06
115	0.0452439	0.0268229	0.0284456	0.0055934	0.0126728	0.00874403	0.00803761	1.69573e-05
116	0.0494186	0.0263547	0.0335361	0.0200925	0.0129094	0.00849771	0.00866861	6.77988e-06
117	0.0403961	0.0285505	0.0213474	0.00168742	0.0139084	0.00942933	0.00879807	5.49339e-06
118	0.0347912	0.0227705	0.0189895	0.00211597	0.0145278	0.00998572	0.00925514	5.65569e-06
119	0.0429753	0.0184779	0.0315043	0.0132862	0.0116428	0.00763091	0.0078932	8.91287e-06
120	0.0439933	0.0288596	0.0267798	0.00595882	0.0127175	0.0088951	0.00813054	3.90771e-06
121	0.0425201	0.0194023	0.0303778	0.0084731	0.0127232	0.00926584	0.00762658	2.12917e-05
122	0.0686447	0.0252365	0.0516025	0.0383183	0.0138157	0.00953391	0.0088275	1.09631e-05
123	0.044154	0.0253576	0.0218165	0.0105612	0.0122291	0.00871969	0.00764512	2.99193e-06
124	0.036829	0.0226892	0.0229713	0.00118664	0.0119551	0.00826219	0.00776566	2.74806e-06
125	0.0284366	0.0171481	0.01671	0.00170424	0.014036	0.0102477	0.0081998	1.40023e-06
126	0.026634	0.0153852	0.0150698	0.00500595	0.0124319	0.00809298	0.00832633	2.55871e-06
127	0.0297622	0.0180309	0.0188194	0.00040972	0.0122707	0.00756516	0.00859398	2.23213e-06
128	0.0475476	0.0311286	0.0244001	0.00885052	0.022184	0.0155677	0.0137531	3.06612e-06
129	0.0357556	0.0231298	0.0199987	0.00363245	0.0134455	0.00944983	0.0083403	2.01385e-06
130	0.0501166	0.0321978	0.0198697	0.0257075	0.013531	0.00936098	0.0083395	1.45304e-06
131	0.0514565	0.0344609	0.0286371	0.0136307	0.0116895	0.00846361	0.00695658	3.83501e-06
132	0.0567538	0.0362562	0.0363288	0.0061718	0.0133596	0.00900652	0.00896142	2.63548e-06
133	0.0296347	0.0180843	0.0179352	0.00074168	0.0127696	0.00838723	0.00835053	4.05834e-06
134	0.0517534	0.0264319	0.0366776	0.00775276	0.0144374	0.00976756	0.00961145	1.95086e-06
135	0.0651442	0.044255	0.0341891	0.00989187	0.0135995	0.00864318	0.00934021	1.6729e-06
136	0.055618	0.035005	0.0172423	0.0779748	0.0147758	0.00952155	0.00998281	3.89759e-06
137	0.0484459	0.0263938	0.0312855	0.00858239	0.0131605	0.00931503	0.0081646	2.78728e-06
138	0.0432183	0.0299146	0.0262351	0.000269823	0.0153146	0.0107764	0.00971114	9.4718e-06
139	0.038686	0.0246464	0.0243886	0.00201546	0.0139224	0.00993398	0.00837329	3.72417e-06
140	0.035176	0.0244073	0.0194013	0.000966193	0.014554	0.0105503	0.00874972	9.28452e-07
141	0.0705188	0.0375052	0.0476957	0.0368245	0.0142851	0.0105562	0.00863972	2.41359e-06
142	0.0305668	0.0183024	0.0196273	0.000799073	0.0140505	0.00898443	0.00933839	6.5712e-06
143	0.0529217	0.0325711	0.0320235	0.0111798	0.0148974	0.0106578	0.00912191	2.50041e-06
144	0.105546	0.0480241	0.0758154	0.02338	0.0200442	0.0155295	0.0113069	4.11228e-06
145	0.0472219	0.0316528	0.0288142	0.00198715	0.0192841	0.0128284	0.0131884	2.16286e-06
146	0.0599143	0.038429	0.0312801	0.00856103	0.0188399	0.0125806	0.0128486	3.32524e-06
147	0.0506859	0.0270606	0.0330639	0.00578971	0.0150285	0.0103782	0.00973676	4.58588e-06
148	0.0414765	0.0264695	0.0232417	0.00158193	0.0204145	0.0146766	0.0119062	7.04538e-06
149	0.0314352	0.0204326	0.0178531	0.000359373	0.0170286	0.0122183	0.0108459	6.85953e-07
150	0.0337539	0.0220059	0.0208337	0.000662748	0.0201932	0.0157858	0.0113407	2.13777e-06
151	0.0383365	0.0221136	0.0243678	0.000761593	0.0180093	0.0114041	0.0120546	4.94458e-06
152	0.0336356	0.0212812	0.0212532	0.000259608	0.0175248	0.0118475	0.0117879	2.45826e-06
153	0.0778799	0.0445459	0.050955	0.00963728	0.0176402	0.0127954	0.0110279	6.52869e-07
154	0.0510098	0.0324573	0.0329722	0.00204517	0.0182902	0.0117501	0.0126609	7.41803e-07
155	0.0865143	0.0312454	0.0585435	0.122562	0.0162421	0.0112652	0.0105874	4.32318e-07
156	0.04867	0.0230436	0.0314093	0.00878372	0.0171305	0.0127379	0.0101586	1.46365e-06
157	0.0478475	0.0337549	0.0259413	0.00387736	0.0160144	0.0114422	0.00921632	3.88842e-07
158	0.0391545	0.0256464	0.0221975	0.00326557	0.0184065	0.0136322	0.0107402	6.4027e-07
159	0.0568166	0.0325847	0.039733	0.00062757	0.0188757	0.0140844	0.0108799	7.48257e-07
160	0.0606143	0.0305496	0.0419534	0.00396982	0.0204152	0.013684	0.0136196	2.02782e-06
161	0.045205	0.0288111	0.0271316	0.000611772	0.0206831	0.0143381	0.0129467	1.88302e-06
162	0.066146	0.0427023	0.0434212	0.00604876	0.0333186	0.0228192	0.022407	7.30551e-06
163	0.0900271	0.0439334	0.0621813	0.0223965	0.0211877	0.0154121	0.0122377	1.50784e-06
164	0.070847	0.0390015	0.0485969	0.00654503	0.0293688	0.020698	0.0187222	2.02969e-06
165	0.0363697	0.0218369	0.0229554	0.000455937	0.0171814	0.0119576	0.011024	5.68034e-07
166	0.142508	0.0946266	0.0923715	0.00737538	0.029176	0.0224026	0.0166474	1.82881e-06
167	0.100201	0.0603291	0.0637551	0.0125657	0.0256447	0.0188503	0.0160007	6.76782e-07
168	0.0724737	0.0457382	0.036807	0.0239238	0.0198078	0.0138047	0.0124189	5.24461e-07
169	0.0672388	0.0419881	0.0353895	0.00692925	0.0248454	0.0184479	0.0147065	1.49214e-06
170	0.226587	0.172826	0.127378	0.0212489	0.0258009	0.0168626	0.0172142	6.76914e-07
171	0.0654172	0.0492866	0.0284406	0.00493671	0.0224459	0.0158428	0.0139059	1.10943e-06
172	0.033165	0.0205459	0.0212207	0.000355691	0.0188713	0.0125717	0.0129874	5.03882e-07
173	0.0682589	0.0385317	0.039895	0.014219	0.0204826	0.0148209	0.0125618	3.57283e-07
174	0.12414	0.0951165	0.0718493	0.000596366	0.0230381	0.0148361	0.0147959	6.89764e-07
175	0.0637196	0.0410173	0.0305297	0.0104136	0.0183388	0.0130854	0.0113197	3.93043e-07
176	0.0565416	0.0414352	0.026663	0.00113008	0.031785	0.0205464	0.0225625	3.047e-07
177	0.0509248	0.0306035	0.028788	0.002164	0.0275517	0.0195711	0.0177674	1.28013e-06
178	0.0544795	0.0269609	0.0401948	0.000897791	0.0324823	0.0210244	0.0230639	2.54277e-06
179	0.0640541	0.0437304	0.0262774	0.00883617	0.0197378	0.0152235	0.0108537	1.66406e-07
180	0.215968	0.134989	0.129962	0.0264009	0.0274545	0.0207791	0.0164038	5.91513e-07
181	0.162199	0.102278	0.0586612	0.23947	0.0269021	0.0200365	0.0163677	4.3631e-07
182	0.0290821	0.0152443	0.0196246	0.000284383	0.0183948	0.0116788	0.0122554	1.78717e-07
183	0.0823652	0.0539735	0.0475136	0.00359516	0.0219324	0.0162394	0.0124708	1.24124e-07
184	0.0716105	0.0458908	0.0453777	0.00134522	0.0287022	0.0208258	0.0175247	3.3297e-07
185	0.206457	0.0663899	0.145444	0.289797	0.0299093	0.0200311	0.0188136	7.11628e-07
186	0.0442063	0.0261973	0.0255888	0.000829966	0.026829	0.0189928	0.0166337	4.12375e-06
187	0.056841	0.0273313	0.0379801	0.00189127	0.029056	0.0188884	0.0189552	3.14054e-07
188	0.054074	0.0334614	0.033034	0.00213171	0.0286301	0.0195172	0.0168375	2.1146e-07
189	0.0439033	0.0223482	0.0308678	0.000897216	0.0184801	0.0115225	0.0133482	4.91931e-07
190	0.131037	0.0854312	0.0523722	0.0557562	0.0452393	0.0364651	0.0222167	1.12329e-06
191	0.145058	0.111784	0.041508	0.0560981	0.0339413	0.0253171	0.0203865	2.68802e-07
192	0.0290412	0.0199296	0.0163676	6.48684e-05	0.0213463	0.0152707	0.0130567	1.32813e-07
193	0.0823577	0.0594469	0.043069	0.00385412	0.0323548	0.0206292	0.0211994	1.76503e-06
194	0.0814767	0.0653187	0.0317454	0.000961311	0.0265608	0.0226284	0.0112221	2.42471e-07
195	0.0561057	0.0286014	0.0430044	0.000795877	0.0258494	0.0147981	0.0199656	1.40889e-06
196	0.0514135	0.0361181	0.0304117	0.000239269	0.0288242	0.020556	0.0176502	2.4382e-07
197	0.102292	0.0427561	0.0709009	0.0187834	0.0329783	0.0200025	0.0229719	4.53535e-07
198	0.0381521	0.0293761	0.0194351	0.000142852	0.02459	0.0192684	0.0139703	1.2165e-07
199	0.0877873	0.0606988	0.0436052	0.00392037	0.0316051	0.0255568	0.0147985	2.57694e-07
200	0.0685534	0.0402388	0.0489272	0.00163927	0.0228785	0.014603	0.0154469	1.72418e-07
201	0.116371	0.0794451	0.0696205	0.00569789	0.0295158	0.0200381	0.0205935	1.63455e-07
202	0.151149	0.116592	0.072955	0.017557	0.0388418	0.0314394	0.0194096	3.19324e-07
203	0.0835369	0.0496841	0.031673	0.0140084	0.0253439	0.019286	0.0148015	4.49949e-07
204	0.052355	0.0368179	0.0243823	0.0020772	0.0297817	0.0212797	0.0184042	3.86846e-07
205	0.0389983	0.0291064	0.0188471	0.000226767	0.0325462	0.0263267	0.0177827	1.47433e-07
206	0.0522314	0.0358634	0.0313443	0.000627103	0.0390821	0.0292185	0.0221204	1.82193e-07
207	0.0594916	0.0377015	0.0352372	0.000955951	0.038371	0.0261332	0.0254152	6.23037e-07
208	0.0724479	0.0376506	0.0536404	0.00208828	0.0351776	0.0279775	0.0188647	3.10127e-07
209	0.0640778	0.0395652	0.0432307	0.000377198	0.0388752	0.0266884	0.0261851	3.29152e-07
210	0.218546	0.157468	0.135107	0.00483232	0.0332707	0.0228282	0.0214725	2.50296e-07
211	0.0632999	0.0506246	0.0249162	0.000867893	0.0423407	0.0335009	0.0208709	7.00539e-07
213	0.089868	0.0622845	0.0513994	0.00115783	0.0358724	0.0242328	0.0241412	2.02093e-07
214	0.0385446	0.0282444	0.0207646	6.86408e-05	0.034575	0.0283844	0.0174142	2.05661e-07
218	0.0675074	0.0428956	0.0402576	0.00167673	0.0449065	0.0322169	0.0282408	3.44695e-07
219	0.0795005	0.0669333	0.0289187	0.0010719	0.0542857	0.0456098	0.0240358	3.3186e-07
221	0.0767157	0.0485954	0.0449225	0.00170701	0.0417775	0.0343436	0.0196553	4.57221e-07
222	0.0993054	0.0685032	0.0592541	0.000953454	0.0608015	0.0494783	0.0291441	3.1274e-07
223	0.0566781	0.0347045	0.0409332	0.000140675	0.0383752	0.0298669	0.0220444	1.18737e-07
229	0.123359	0.0762445	0.0751013	0.00598029	0.0775358	0.0603765	0.0462477	5.96129e-07
230	0.119672	0.072465	0.0711832	0.00369226	0.0521411	0.0396601	0.0305968	2.50594e-07
