TranslationRange	QR_Kcost	maxQR_Kcost	QR_Focalcost	QR_PPcost	QR_Skewcost	QR_RRtcost	IAC_Kcost	maxIAC_Kcost	IAC_Focalcost	IAC_PPcost	IAC_Skewcost	IAC_RRtcost	Rank3Rate
0.001	nan	0	-nan	-nan	-nan	nan	22610	4.33403e+06	10158.4	177.584	5.41917e+08	-nan	0
0.00108393	nan	0	-nan	-nan	-nan	nan	29788.4	9.14161e+06	13521.2	210.017	5.56396e+09	-nan	0
0.0011749	nan	0	-nan	-nan	-nan	nan	58094.4	3.42385e+07	23988.1	518.324	6.52293e+10	-nan	0
0.0012735	nan	0	-nan	-nan	-nan	nan	43826.6	2.88324e+07	18588.8	350.892	1.25023e+11	-nan	0
0.00138038	nan	0	-nan	-nan	-nan	nan	27619.8	4.30103e+06	12670.6	187.15	9.54749e+08	-nan	0
0.00149624	nan	176.555	-nan	-nan	-nan	nan	24161.8	5.54524e+06	10784.3	168.915	1.11757e+09	-nan	0
0.00162181	nan	0	-nan	-nan	-nan	nan	41241.8	1.08504e+07	18543.6	257.223	1.12298e+10	-nan	0
0.00175792	nan	0	-nan	-nan	-nan	nan	19218.4	1.48774e+06	8433.82	147.803	8.84752e+08	-nan	0
0.00190546	nan	0	-nan	-nan	-nan	nan	40809	2.1317e+07	18925.9	265.488	8.19341e+09	-nan	0
0.00206538	nan	231.345	-nan	-nan	-nan	nan	26238.7	4.03127e+06	11830.2	207.217	1.62176e+09	-nan	0
0.00223872	nan	516.605	-nan	-nan	-nan	nan	29268.6	7.71433e+06	12995.9	191.255	5.55833e+09	-nan	0
0.00242661	nan	410.31	-nan	-nan	-nan	nan	25735.3	3.89192e+06	11708.5	175.649	1.05607e+09	-nan	0
0.00263027	nan	90.2717	-nan	-nan	-nan	nan	23375.1	1.58327e+06	10294.5	195.598	8.30447e+08	-nan	0
0.00285102	nan	685.631	-nan	-nan	-nan	nan	19197.1	1.62523e+06	8548.86	151.394	5.60598e+08	-nan	0
0.0030903	nan	244.216	-nan	-nan	-nan	nan	21180.9	1.41519e+06	9712.8	129.51	3.54356e+08	-nan	0
0.00334965	nan	839.461	-nan	-nan	-nan	nan	40311.8	1.06812e+07	18669.5	222.515	2.50299e+09	-nan	0
0.00363078	nan	1066.59	-nan	-nan	-nan	nan	28755.1	3.79752e+06	12247.6	193.788	5.57633e+09	-nan	0
0.0039355	nan	340.324	-nan	-nan	-nan	nan	160113	1.71254e+08	78492.3	206.03	2.32729e+11	-nan	0
0.0042658	nan	762.662	-nan	-nan	-nan	nan	41515.3	1.34432e+07	19012.6	213.385	1.87436e+10	-nan	0
0.00462381	nan	685.417	-nan	-nan	-nan	nan	24530.4	4.10349e+06	11174.7	145.56	1.75474e+09	-nan	0
0.00501187	nan	1218.89	-nan	-nan	-nan	nan	134878	1.40422e+08	60731.1	933.161	1.50979e+12	-nan	0
0.0054325	nan	460.608	-nan	-nan	-nan	nan	18848.6	3.82591e+06	8458.19	117.407	3.3862e+09	-nan	0
0.00588844	nan	464.482	-nan	-nan	-nan	nan	10415	1.81209e+06	4851.28	67.3175	1.74623e+08	-nan	0.02
0.00638263	nan	787.62	-nan	-nan	-nan	nan	131834	7.55092e+07	63701.8	437.421	2.78619e+11	-nan	0
0.00691831	nan	933.239	-nan	-nan	-nan	nan	4290.87	327158	1909.58	42.7864	4.3849e+07	-nan	0
0.00749894	nan	498.851	-nan	-nan	-nan	nan	7526.32	4.55225e+06	3569.43	45.9327	7.99577e+07	-nan	0.02
0.00812831	nan	649.612	-nan	-nan	-nan	nan	3011.96	567193	1432.68	23.7015	1.90203e+07	-nan	0
0.00881049	nan	944.774	-nan	-nan	-nan	nan	4031.56	1.14249e+06	1923.62	34.296	1.45275e+07	-nan	0
0.00954993	nan	420.478	-nan	-nan	-nan	nan	653.619	57344.9	302.566	13.5107	961379	-nan	0
0.0103514	nan	1981.32	-nan	-nan	-nan	nan	463.162	183277	198.976	9.75453	6.34858e+06	-nan	0.02
0.0112202	nan	424.467	-nan	-nan	-nan	nan	3211.74	3.23158e+06	1283.5	30.2278	1.72369e+09	-nan	0.04
0.0121619	nan	803.781	-nan	-nan	-nan	nan	874.191	272006	414.586	8.84424	2.39747e+06	-nan	0.04
0.0131826	104.708	903.21	32.9947	27.7807	891.494	2.82287e-16	18.1803	160.212	5.76373	5.77742	13.7801	1.06942	0.04
0.0142889	105.027	570.364	32.6765	27.4308	884.362	2.82049e-16	14.3174	69.7993	4.57399	4.51841	6.88269	1.10496	0.04
0.0154882	107.807	2030.32	33.9739	28.0485	945.162	2.80607e-16	11.1591	30.4029	3.51213	3.5708	2.95436	1.10674	0.1
0.016788	108.366	1127.23	34.3829	27.7742	798.73	2.77598e-16	9.44121	35.9595	2.93835	3.01494	2.70354	1.13344	0.14
0.018197	111.227	999.617	34.6834	28.9969	930.524	2.8046e-16	8.79497	25.7593	2.73236	2.83532	2.255	1.13422	0.12
0.0197242	112.133	617.23	35.2594	28.8148	897.752	2.78901e-16	7.15742	27.4699	2.2768	2.25482	1.50158	1.14086	0.16
0.0213796	114.241	567.302	35.9046	28.9532	966.544	2.81981e-16	5.69506	22.8187	1.75895	1.85529	1.00887	1.14461	0.34
0.0231739	118.277	1353.21	37.1497	29.99	1200.49	2.80064e-16	4.89601	17.5968	1.49388	1.59215	0.784338	1.16559	0.38
0.0251189	112.46	703.084	35.1454	28.7637	946.385	2.79228e-16	4.6194	24.4047	1.43188	1.46856	0.827914	1.14737	0.46
0.027227	117.511	1126.43	36.5174	29.9872	1044.67	2.82717e-16	3.33584	10.9116	1.04463	1.06651	0.340283	1.17146	0.48
0.0295121	112.62	654.067	34.4002	28.8401	1014.65	2.80768e-16	3.36651	20.6031	1.03811	1.09306	0.573604	1.15242	0.58
0.031989	119.715	1664.34	37.7347	30.3834	1052.48	2.78736e-16	2.2527	11.5586	0.694211	0.726559	0.173999	1.15492	0.68
0.0346737	118.096	438.282	36.4813	29.8383	1100.14	2.7448e-16	2.16378	7.78713	0.660081	0.706802	0.144713	1.16279	0.74
0.0375837	113.27	966.023	35.203	28.5567	1000.25	2.80663e-16	1.77295	7.86196	0.5472	0.57324	0.12034	1.16437	0.54
0.040738	110.846	541.143	34.9897	27.8171	936.351	2.81597e-16	1.65413	12.3897	0.511549	0.542935	0.107287	1.11585	0.64
0.044157	114.055	769.66	35.1572	28.6799	1104.42	2.83215e-16	1.3106	5.7506	0.406782	0.424359	0.0584583	1.1329	0.64
0.047863	100.645	633.637	30.7488	25.9911	832.071	2.7639e-16	1.0687	5.46813	0.338694	0.341102	0.0357009	1.07074	0.54
0.05188	94.6104	945.213	28.8445	24.5764	736.227	2.82045e-16	0.709675	2.94138	0.221128	0.229644	0.0152149	1.024	0.46
0.0562341	95.0694	627.326	29.1058	24.7871	774.82	2.81235e-16	0.809251	7.09458	0.243941	0.26684	0.0383744	0.995151	0.42
0.0609537	93.2221	911.001	28.888	23.8432	697.552	2.81475e-16	0.64961	4.0761	0.19968	0.209644	0.0217288	1.01922	0.5
0.0660693	77.0877	630.54	23.1005	20.503	662.278	2.82212e-16	0.429567	2.22504	0.131217	0.141132	0.0063512	0.842195	0.44
0.0716143	69.2659	384.03	20.8398	18.2819	459.943	2.8687e-16	0.292003	1.47948	0.0910255	0.0949355	0.00272504	0.808214	0.32
0.0776247	85.6883	1172.27	25.6059	23.3781	709.579	2.86849e-16	0.301877	1.54094	0.0920796	0.0981873	0.00353501	0.894697	0.46
0.0841395	62.2493	446.919	18.8199	16.8325	374.717	2.85614e-16	0.214397	0.828048	0.0650737	0.070081	0.00157263	0.735266	0.44
0.0912011	46.9852	675.675	14.1827	12.7611	283.477	2.79602e-16	0.19314	2.79872	0.0590279	0.0629265	0.00233767	0.582291	0.34
0.0988553	39.1937	317.395	11.5808	10.8824	237.545	2.81789e-16	0.15622	0.746873	0.0480849	0.0512832	0.000792808	0.473597	0.3
0.107152	33.6026	338.398	10.0273	9.35333	133.069	2.82154e-16	0.146045	0.939968	0.0448088	0.0476337	0.000820604	0.455366	0.44
0.116145	28.0642	417.092	8.39423	7.66363	136.003	2.79879e-16	0.123185	0.712344	0.0372121	0.0405984	0.000666755	0.365813	0.4
0.125893	17.3026	588.215	5.15921	4.73958	115.522	2.85214e-16	0.0896532	0.406032	0.0275745	0.0294737	0.000265942	0.233151	0.52
0.136458	20.6662	183.622	6.41947	5.45045	72.6499	2.80164e-16	0.0686495	0.415283	0.0209506	0.0224596	0.000180771	0.286453	0.48
0.147911	21.8785	612.033	6.37677	6.18406	160.173	2.84006e-16	0.0563769	0.219941	0.0173618	0.0185534	0.00010627	0.26331	0.72
0.160325	14.9229	218.885	4.74207	3.76704	61.5246	2.82791e-16	0.0535063	0.320272	0.0165087	0.0174906	0.000108669	0.206249	0.66
0.17378	13.0081	109.415	3.83018	3.77173	33.9383	2.79636e-16	0.0459475	0.248454	0.0141372	0.0151383	6.7892e-05	0.191402	0.8
0.188365	11.4345	316.84	3.37358	3.17174	69.4948	2.7996e-16	0.0381734	0.250762	0.0118412	0.0124719	5.09823e-05	0.152854	0.78
0.204174	1.68461	8.81013	0.490633	0.489687	0.468855	2.83664e-16	0.0371057	0.160888	0.0113061	0.0121756	5.16093e-05	0.0295858	0.72
0.221309	1.81468	9.95284	0.534765	0.509972	0.769179	2.80613e-16	0.0264198	0.160971	0.00797675	0.00876003	2.66876e-05	0.0314314	0.86
0.239883	2.43838	71.6846	0.739465	0.6515	6.15877	2.83874e-16	0.0179514	0.0882928	0.00547875	0.00588385	1.10663e-05	0.0380899	0.98
0.260016	4.93603	246.908	1.5546	1.26572	30.6637	2.80295e-16	0.0201349	0.104613	0.00626735	0.0064587	1.46287e-05	0.0613865	0.9
0.281838	1.80814	33.5875	0.559529	0.494912	1.80573	2.80253e-16	0.0147105	0.0731105	0.00449283	0.00480037	8.49434e-06	0.0304649	0.88
0.305492	0.475992	3.9828	0.138409	0.135839	0.064266	2.82743e-16	0.0129475	0.0726001	0.00396141	0.00425772	5.83902e-06	0.00840503	0.98
0.331131	0.935207	10.5185	0.273728	0.269095	0.428221	2.80985e-16	0.0128756	0.0729907	0.0039916	0.00416025	5.9769e-06	0.0157515	0.92
0.358922	0.127013	1.0494	0.0366891	0.0367336	0.00371452	2.85357e-16	0.0084139	0.0326751	0.0025371	0.00275415	2.78107e-06	0.00222321	1
0.389045	0.341014	6.80108	0.100265	0.101955	0.106261	2.90661e-16	0.00782955	0.0488689	0.00244091	0.00250167	2.29687e-06	0.00586746	0.98
0.421697	0.0879206	0.802667	0.025307	0.0262246	0.00235901	2.86487e-16	0.00674316	0.0345753	0.00212364	0.00214492	1.45683e-06	0.00151487	1
0.457088	0.0926969	0.966613	0.0263931	0.0280602	0.00431452	2.84465e-16	0.0051501	0.0257292	0.00156531	0.00166796	9.04525e-07	0.00162057	0.96
0.49545	0.0487649	0.320935	0.013888	0.014525	0.000598895	2.8323e-16	0.00507367	0.0218113	0.00156208	0.00161828	9.51806e-07	0.000840313	0.98
0.537032	0.0293316	0.257025	0.00825629	0.00861121	0.000292022	2.82181e-16	0.00503892	0.0199582	0.00158917	0.00157985	7.94848e-07	0.00048439	0.98
0.582103	0.0476585	0.494213	0.0134553	0.0138088	0.00128255	2.81582e-16	0.00454459	0.0199536	0.00142149	0.00144564	6.2186e-07	0.00082995	0.98
0.630957	0.0422215	0.561598	0.0120438	0.0126933	0.000902226	2.87906e-16	0.00433659	0.0181019	0.00134839	0.00137274	5.47184e-07	0.000723533	0.96
0.683912	0.105929	2.67081	0.0343535	0.0293528	0.0158836	2.86663e-16	0.00405661	0.00894571	0.00128683	0.00126772	4.32715e-07	0.00186281	0.94
0.74131	0.0274464	0.30196	0.0083926	0.00773469	0.000274803	2.8358e-16	0.00400187	0.00876576	0.00127598	0.00123661	4.05649e-07	0.000463826	0.94
0.803526	0.0112306	0.104679	0.00331755	0.00329035	2.75279e-05	2.84658e-16	0.00393258	0.0110081	0.00126758	0.00120726	3.91855e-07	0.000173468	0.98
0.870964	0.020087	0.184572	0.00601425	0.00572725	0.000103327	2.81484e-16	0.00443989	0.00938847	0.00145271	0.00136894	4.44108e-07	0.000345062	0.96
0.944061	0.0614199	0.891829	0.0173253	0.017326	0.00363244	2.82836e-16	0.00439223	0.0155925	0.00144222	0.00134853	4.26193e-07	0.00106684	0.94
1.02329	0.0148951	0.0818865	0.00452238	0.00423356	4.74501e-05	2.84394e-16	0.00462641	0.0127616	0.00152939	0.00140258	4.60394e-07	0.000239404	0.94
1.10917	0.00948103	0.0573683	0.00284947	0.00278742	1.42863e-05	2.85343e-16	0.00434121	0.0138165	0.00141801	0.00133596	4.23779e-07	0.000147897	0.96
1.20226	0.0083182	0.0583993	0.00242221	0.00245305	1.56097e-05	2.83203e-16	0.00412897	0.00954527	0.00135599	0.00124859	3.94842e-07	0.000124965	0.96
1.30317	0.0144129	0.140672	0.00432284	0.00414794	6.59029e-05	2.78761e-16	0.004302	0.0129294	0.00141544	0.00130846	4.01776e-07	0.000235544	0.94
1.41254	0.00790746	0.0597262	0.00241538	0.0022747	9.32121e-06	2.82454e-16	0.00422795	0.0114994	0.00137454	0.00131481	3.90942e-07	0.00011007	0.98
1.53109	0.0216982	0.234993	0.00641817	0.00655215	0.000210266	2.82866e-16	0.00451215	0.0107675	0.00147506	0.0013891	4.37083e-07	0.00036701	0.94
1.65959	0.00820432	0.0491432	0.00251395	0.00234536	9.88618e-06	2.87e-16	0.0045844	0.0102682	0.00151413	0.00139948	4.4855e-07	0.000122386	0.98
1.79887	0.00652557	0.0325899	0.00202537	0.00190931	3.51975e-06	2.80983e-16	0.00438587	0.00810054	0.00142551	0.001359	4.31314e-07	8.61279e-05	0.98
1.94984	0.00688054	0.0235201	0.00214456	0.00200979	3.49204e-06	2.86719e-16	0.0047611	0.0131796	0.00157806	0.00145202	4.70321e-07	9.15786e-05	0.98
2.11349	0.00676097	0.0252938	0.00207542	0.00199576	3.85934e-06	2.82003e-16	0.00453892	0.0121276	0.00148197	0.00139719	4.29893e-07	9.64764e-05	0.98
2.29087	0.0115106	0.0932446	0.0035138	0.00331701	3.29969e-05	2.84971e-16	0.00487194	0.0129623	0.00161359	0.00148788	4.87557e-07	0.000174871	0.9
2.48313	0.00579113	0.012313	0.00182441	0.0016813	1.75823e-06	2.81356e-16	0.00467384	0.0119647	0.0015324	0.00144054	4.65124e-07	6.58559e-05	0.98
2.69153	0.00657633	0.0180201	0.00206753	0.00188772	2.93042e-06	2.8396e-16	0.00497184	0.0112482	0.00164835	0.00152115	4.91308e-07	8.02948e-05	0.96
2.91743	0.00596544	0.0125354	0.00188558	0.00173345	1.86645e-06	2.84697e-16	0.00502431	0.0115449	0.00164081	0.00156443	4.99658e-07	6.91263e-05	1
3.16228	0.00654577	0.0399701	0.00200799	0.00194014	4.56228e-06	2.83353e-16	0.00482855	0.0107528	0.00157582	0.00149954	4.9639e-07	8.71656e-05	0.94
3.42768	0.00658732	0.0229385	0.00205688	0.00190514	3.55245e-06	2.80187e-16	0.00508261	0.0130532	0.00167428	0.00156035	5.13526e-07	7.56785e-05	0.94
3.71535	0.00706176	0.0408551	0.00220575	0.0020069	4.99013e-06	2.85829e-16	0.00483122	0.0101202	0.00157991	0.00149225	4.82958e-07	9.13647e-05	0.92
4.02717	0.00483708	0.0120482	0.00152071	0.00139629	1.16415e-06	2.82929e-16	0.00454077	0.0194494	0.00146382	0.00140275	6.2868e-07	5.54786e-05	0.98
4.36516	0.00548167	0.0101955	0.00173725	0.00160616	1.25537e-06	2.82427e-16	0.00518968	0.0132775	0.00171313	0.00158858	5.2813e-07	5.55155e-05	0.98
4.73151	0.00568957	0.0122982	0.00182081	0.00165112	1.48152e-06	2.8071e-16	0.00511206	0.0126517	0.00168667	0.00157624	5.156e-07	5.8826e-05	0.96
5.12861	0.0053387	0.0121869	0.00169524	0.00155783	1.25113e-06	2.85445e-16	0.00500847	0.0119946	0.00162036	0.00156305	5.24204e-07	5.48932e-05	0.98
5.55904	0.0048072	0.011954	0.0015379	0.00139638	1.00529e-06	2.8804e-16	0.0046355	0.0113296	0.00152793	0.00141024	4.64979e-07	5.08377e-05	0.96
6.0256	0.00604139	0.0292439	0.00192025	0.00173036	2.75962e-06	2.85385e-16	0.00501683	0.0137345	0.00165247	0.0015395	5.18457e-07	6.39114e-05	0.96
6.53131	0.00758977	0.0886636	0.00236837	0.00215526	1.4815e-05	2.8067e-16	0.00489018	0.0138826	0.00158062	0.00153313	5.02334e-07	9.98549e-05	0.96
7.07946	0.00554527	0.0165755	0.0017384	0.00163682	1.38788e-06	2.83122e-16	0.00507331	0.0130364	0.00164616	0.00158258	5.17921e-07	5.75458e-05	1
7.67361	0.00548841	0.0140037	0.00174041	0.00161526	1.18796e-06	2.84445e-16	0.00516136	0.0123413	0.0016786	0.00161191	5.30656e-07	5.32398e-05	0.96
8.31764	0.00486113	0.00811307	0.00154761	0.00142107	9.51608e-07	2.84567e-16	0.00481164	0.0114945	0.00156802	0.00148558	5.01014e-07	4.43588e-05	0.98
9.01571	0.00503454	0.0105096	0.00160614	0.00146443	9.79816e-07	2.828e-16	0.00483883	0.00934398	0.00157589	0.00149938	5.03104e-07	4.7037e-05	0.94
9.77237	0.00498104	0.00933898	0.00156683	0.0014755	9.81156e-07	2.84394e-16	0.00484642	0.0117407	0.00157902	0.00149988	5.00282e-07	4.79876e-05	0.98
10.5925	0.00485605	0.00971206	0.00151625	0.00143992	9.42e-07	2.83979e-16	0.00477783	0.0122426	0.00153231	0.00149484	4.97744e-07	4.55409e-05	0.96
11.4815	0.00611314	0.0119385	0.00197099	0.0017725	1.59375e-06	2.84442e-16	0.00579992	0.0142051	0.00194004	0.00176949	5.99272e-07	5.98133e-05	0.96
12.4451	0.00526328	0.013378	0.00166697	0.00154947	1.12901e-06	2.84739e-16	0.00498476	0.0172427	0.00164029	0.00153105	5.20632e-07	4.82861e-05	0.98
13.4896	0.00504506	0.00727705	0.00158763	0.00150286	9.6956e-07	2.86561e-16	0.00492709	0.00899009	0.00159828	0.00153743	5.09118e-07	4.75201e-05	0.98
14.6218	0.00518967	0.00755189	0.00164404	0.00152936	1.06379e-06	2.85461e-16	0.00496417	0.00925984	0.00160266	0.0015497	5.19229e-07	4.75595e-05	0.94
15.8489	0.00558122	0.0120764	0.00179358	0.00163351	1.18613e-06	2.83334e-16	0.00545512	0.0142051	0.00180954	0.0016696	5.78441e-07	5.04288e-05	0.98
17.1791	0.0052015	0.00794272	0.00166047	0.00152488	1.03891e-06	2.86314e-16	0.00511439	0.0095792	0.0016671	0.00159493	5.32581e-07	4.71363e-05	0.94
18.6209	0.00508262	0.00930918	0.0016121	0.00149989	9.92806e-07	2.84299e-16	0.00501615	0.0133155	0.00164507	0.00155399	5.10991e-07	4.92202e-05	0.96
20.1837	0.00494206	0.0125624	0.00156896	0.00142922	1.17017e-06	2.82815e-16	0.00464733	0.0132563	0.00152801	0.00141613	4.72737e-07	4.87046e-05	0.96
21.8776	0.00510344	0.00854375	0.00162116	0.00148961	1.00758e-06	2.8851e-16	0.00496263	0.0105162	0.00162505	0.00153212	5.08166e-07	4.73982e-05	0.96
23.7137	0.00543518	0.010409	0.00171526	0.00161321	1.11292e-06	2.82235e-16	0.00534201	0.0140293	0.00175176	0.00165821	5.61333e-07	5.18722e-05	0.98
25.704	0.00487898	0.00775059	0.00152583	0.00146431	8.79164e-07	2.85909e-16	0.00478491	0.0112042	0.00152926	0.00149761	5.11833e-07	4.13988e-05	0.92
27.8612	0.00495801	0.00838021	0.00157835	0.00145264	9.34572e-07	2.83834e-16	0.0048722	0.0096351	0.00158666	0.00150513	5.16461e-07	4.4119e-05	0.96
30.1995	0.00530282	0.00842844	0.00166954	0.00159184	1.05101e-06	2.80984e-16	0.00514271	0.0117276	0.00168194	0.0015932	5.32372e-07	4.77779e-05	0.94
32.7341	0.00503455	0.00831461	0.00159153	0.0014879	9.58462e-07	2.85874e-16	0.0051349	0.0111716	0.00166999	0.00158949	5.52853e-07	4.607e-05	0.96
35.4813	0.00508044	0.00929397	0.00162068	0.00147969	1.03302e-06	2.87368e-16	0.00509607	0.0127227	0.00166997	0.00157404	5.30912e-07	4.54291e-05	0.94
38.4592	0.00546657	0.0104056	0.00176671	0.00158559	1.12985e-06	2.8339e-16	0.00544472	0.0138656	0.00179698	0.00167587	5.60671e-07	5.03872e-05	0.98
41.6869	0.00523801	0.00918064	0.00165363	0.00154344	1.04665e-06	2.80713e-16	0.0051816	0.012389	0.00169407	0.0016065	5.43963e-07	4.85746e-05	0.96
45.1856	0.00488681	0.00805854	0.00155836	0.00142037	9.83464e-07	2.85443e-16	0.00490304	0.0133271	0.0016076	0.00151146	4.99285e-07	4.68245e-05	0.98
48.9779	0.00528673	0.00971918	0.00169633	0.00155346	1.01819e-06	2.84553e-16	0.00521563	0.0129273	0.001693	0.00162949	5.5242e-07	4.53726e-05	0.92
53.0884	0.00518993	0.012391	0.00164363	0.00153792	1.01032e-06	2.85827e-16	0.00511091	0.0152963	0.00166817	0.0015839	5.25834e-07	4.6938e-05	0.98
57.544	0.00508421	0.00782505	0.00162213	0.0014885	9.67174e-07	2.84976e-16	0.00502842	0.0113288	0.00165685	0.00153983	5.26828e-07	4.65753e-05	0.94
62.3735	0.00511473	0.00878275	0.00163408	0.00150036	9.23975e-07	2.84096e-16	0.00513915	0.011777	0.00166922	0.0015929	5.47513e-07	4.35828e-05	0.96
67.6083	0.00540699	0.0102032	0.00173353	0.00156876	1.15078e-06	2.83202e-16	0.00533407	0.0134115	0.00177759	0.00162848	5.50383e-07	5.13171e-05	0.92
73.2825	0.00502599	0.00945939	0.0016024	0.00148753	9.12044e-07	2.8586e-16	0.00496445	0.0129347	0.00162032	0.00154465	5.19113e-07	4.4643e-05	0.96
79.4328	0.0050826	0.00819985	0.00162695	0.00149977	9.07869e-07	2.79921e-16	0.00501504	0.0109919	0.0016478	0.00153079	5.28751e-07	4.30588e-05	0.94
86.0994	0.00518962	0.0108862	0.00166194	0.00151778	1.06789e-06	2.83047e-16	0.00509375	0.0155736	0.00167356	0.0015675	5.29176e-07	4.88248e-05	0.98
93.3254	0.00483548	0.00965679	0.00152683	0.00142177	9.33005e-07	2.81506e-16	0.00479316	0.0113254	0.00156034	0.00148473	4.97882e-07	4.55104e-05	1
101.158	0.00530383	0.0105118	0.00170508	0.00156408	1.01349e-06	2.80429e-16	0.0052831	0.0131749	0.0017345	0.00163962	5.48735e-07	4.49309e-05	0.96
109.648	0.00545475	0.00825938	0.00173413	0.00161376	1.05683e-06	2.83963e-16	0.00535488	0.0109743	0.00175233	0.00165795	5.86848e-07	4.69071e-05	1
118.85	0.00485126	0.00793663	0.00153706	0.00143346	8.77285e-07	2.84587e-16	0.00482379	0.0107574	0.00156457	0.00149364	5.21382e-07	4.17601e-05	0.94
128.825	0.00505876	0.0110849	0.00161088	0.00148459	9.76722e-07	2.79171e-16	0.00502085	0.0157988	0.00166748	0.00151741	5.31626e-07	4.72276e-05	0.92
139.637	0.00511504	0.00903988	0.00164233	0.00149238	9.62254e-07	2.82664e-16	0.0050758	0.0123811	0.00166908	0.00155012	5.40259e-07	4.18971e-05	0.96
151.356	0.00480406	0.00867912	0.00151884	0.001412	9.60697e-07	2.8381e-16	0.00478107	0.0122249	0.00156208	0.0014749	5.08585e-07	4.7333e-05	0.92
164.059	0.00537618	0.0164534	0.00174781	0.00154121	1.1096e-06	2.8644e-16	0.00528234	0.0210988	0.00175424	0.00161999	5.67862e-07	4.7669e-05	0.96
177.828	0.00499407	0.00943516	0.00158526	0.00145138	1.00681e-06	2.82279e-16	0.00496261	0.0136646	0.00162001	0.00153386	5.15617e-07	4.66561e-05	1
192.752	0.00556336	0.01105	0.00178609	0.00163598	1.19526e-06	2.84669e-16	0.00543244	0.0151362	0.00180602	0.00165782	5.80517e-07	4.84577e-05	0.98
208.93	0.00494663	0.00800461	0.00156341	0.00145616	9.35697e-07	2.84293e-16	0.00492911	0.0113728	0.00161415	0.00152771	5.09137e-07	4.62632e-05	0.96
226.464	0.0054776	0.00875903	0.00175555	0.00161117	1.11895e-06	2.85983e-16	0.00543703	0.0122889	0.0017883	0.00168247	5.81532e-07	5.02423e-05	0.98
245.471	0.00500889	0.0091265	0.00157031	0.00148855	9.5606e-07	2.83845e-16	0.00489356	0.0112161	0.00157608	0.00152089	5.22197e-07	4.34816e-05	0.94
266.073	0.00529095	0.0118667	0.00168412	0.00157161	1.03397e-06	2.84257e-16	0.00522411	0.0167433	0.00171093	0.00161702	5.36099e-07	4.51821e-05	0.92
288.403	0.00538346	0.0141448	0.00171881	0.00159801	1.03118e-06	2.87249e-16	0.00531191	0.0179672	0.00174469	0.00164345	5.53369e-07	4.72509e-05	0.98
312.608	0.00516551	0.0103955	0.00165482	0.00152455	9.44884e-07	2.79204e-16	0.0051592	0.0153955	0.00169435	0.00158908	5.5073e-07	4.33315e-05	0.98
338.844	0.00525376	0.0101612	0.00168383	0.00152759	1.04731e-06	2.82373e-16	0.00513974	0.0137954	0.00169791	0.00157022	5.31037e-07	4.50842e-05	0.98
367.282	0.00500616	0.00822466	0.00158519	0.00147787	9.83704e-07	2.83684e-16	0.00498653	0.0120867	0.00163241	0.00153434	5.31454e-07	4.68192e-05	0.94
398.107	0.0057151	0.00879092	0.0018482	0.00166645	1.15016e-06	2.874e-16	0.00563238	0.0119598	0.00186197	0.00172383	6.04873e-07	5.11655e-05	0.92
431.519	0.00518529	0.00672794	0.00165665	0.00151126	9.9943e-07	2.82961e-16	0.00511829	0.0092021	0.00168591	0.00157733	5.47645e-07	4.74381e-05	0.98
467.735	0.00540391	0.00923897	0.00172825	0.00157617	1.13455e-06	2.8555e-16	0.00535801	0.0134117	0.00177571	0.00163537	5.62314e-07	5.07038e-05	0.96
506.991	0.00538133	0.0112328	0.00172187	0.00158216	1.06746e-06	2.81853e-16	0.00526605	0.0161251	0.00173246	0.00161316	5.62212e-07	4.68516e-05	0.94
549.541	0.00507058	0.0110261	0.00162467	0.00146322	1.09374e-06	2.84208e-16	0.00499752	0.0145273	0.00163297	0.00154005	5.38509e-07	5.12411e-05	0.94
595.662	0.0053327	0.00852778	0.00169993	0.00157035	1.11292e-06	2.86773e-16	0.00526153	0.012463	0.00173093	0.0016233	5.47204e-07	4.98141e-05	1
645.654	0.00544735	0.0121675	0.00174587	0.00160091	1.08758e-06	2.81644e-16	0.00541181	0.0152577	0.00180108	0.00164475	5.64778e-07	4.96246e-05	0.96
699.842	0.00564596	0.0104851	0.00180821	0.00165771	1.25841e-06	2.83549e-16	0.00555689	0.0144569	0.00183595	0.00172525	5.86131e-07	5.23503e-05	0.92
758.578	nan	0.0102345	-nan	-nan	-nan	nan	1503.39	1.39864e+06	664.52	9.56442	1.31253e+08	-nan	0.94
822.243	0.00513183	0.00950597	0.00163881	0.00149646	1.03021e-06	2.81265e-16	0.00514184	0.0121819	0.00169999	0.00158119	5.39765e-07	4.82295e-05	0.98
891.251	0.00583254	0.0473143	0.00180606	0.00173252	3.58875e-06	2.83573e-16	0.00583816	0.0744017	0.00186076	0.00180674	3.19694e-06	5.83699e-05	0.96
966.051	0.00510054	0.010003	0.00162348	0.0015017	9.78366e-07	2.85362e-16	0.00513682	0.0125294	0.00166115	0.0015904	6.14984e-07	4.85517e-05	1
1047.13	0.00494281	0.00754611	0.00156242	0.00145735	9.27378e-07	2.83437e-16	0.0048834	0.00976789	0.00159932	0.00150621	5.16586e-07	4.4809e-05	0.98
1135.01	0.00542614	0.0158502	0.00173444	0.00157805	1.51845e-06	2.82117e-16	0.00537744	0.0209064	0.00174797	0.00164251	1.1764e-06	4.65774e-05	0.96
1230.27	0.00528342	0.0074349	0.00169388	0.00153812	1.02268e-06	2.84735e-16	0.00549192	0.0197648	0.0017748	0.00169301	1.02198e-06	5.1039e-05	0.96
1333.52	0.00506962	0.0100888	0.00163274	0.00146276	9.55371e-07	2.82128e-16	0.00499429	0.012168	0.00164434	0.00151301	5.28218e-07	4.23698e-05	1
1445.44	0.00483625	0.00954994	0.00151915	0.00142791	9.30684e-07	2.83977e-16	0.00481242	0.0135321	0.00155015	0.00150571	4.99174e-07	4.5016e-05	0.98
1566.75	0.00533378	0.012664	0.0017134	0.00154633	1.11635e-06	2.84141e-16	0.00593633	0.058053	0.00187292	0.0018389	3.22248e-06	6.33018e-05	0.92
1698.24	0.00613275	0.010193	0.00199942	0.00177472	1.35421e-06	2.82216e-16	0.00605929	0.0136618	0.00202674	0.00185666	6.34756e-07	5.40539e-05	0.96
1840.77	0.00518303	0.00889907	0.00164336	0.00152125	1.07646e-06	2.82352e-16	0.0050791	0.0127137	0.00166639	0.00156265	5.39118e-07	4.91109e-05	0.94
1995.26	0.00485427	0.00853705	0.00153319	0.00142998	9.03468e-07	2.82706e-16	0.00618411	0.0823234	0.00184949	0.00195795	9.23431e-06	6.67368e-05	0.94
2162.72	0.00529565	0.00878648	0.00167526	0.00156284	1.12279e-06	2.871e-16	0.00524572	0.0108398	0.00170607	0.00163582	5.68665e-07	4.97337e-05	0.96
2344.23	0.00533755	0.010842	0.00169974	0.00157857	1.06098e-06	2.82579e-16	0.00526463	0.0131909	0.00173065	0.00161968	5.54553e-07	4.78586e-05	0.98
2540.97	0.0048746	0.00902687	0.00153937	0.00144523	9.09954e-07	2.81898e-16	0.00478551	0.0117599	0.00155776	0.00148819	4.94485e-07	4.3868e-05	0.98
2754.23	0.00486935	0.00764108	0.00153021	0.00144611	9.16067e-07	2.8534e-16	0.00491615	0.0107728	0.00158917	0.0015395	5.17947e-07	4.43926e-05	1
2985.38	0.00501722	0.00760573	0.00158632	0.00149129	9.18405e-07	2.83772e-16	0.00529215	0.0392407	0.0016491	0.00164779	1.90908e-06	5.08045e-05	0.94
3235.94	0.00540951	0.0108525	0.00171605	0.00161589	1.11327e-06	2.87245e-16	0.00526004	0.0134779	0.00173464	0.00162178	5.39977e-07	4.70997e-05	0.94
3507.52	0.0100101	0.216695	0.0032078	0.00288538	4.67191e-05	2.80486e-16	0.0107087	0.302972	0.00336751	0.00321345	6.84909e-05	9.36681e-05	1
3801.89	0.00491768	0.0144597	0.0015662	0.00142636	1.00757e-06	2.84203e-16	0.00486916	0.0198413	0.00159626	0.0014979	5.04378e-07	4.61264e-05	1
4120.98	0.00539399	0.00974101	0.00170049	0.00160957	1.11378e-06	2.83829e-16	0.00533804	0.0125892	0.00174525	0.00165049	5.77362e-07	4.63117e-05	0.94
4466.84	0.00541707	0.0113727	0.00174648	0.00157695	1.10431e-06	2.84561e-16	0.00535767	0.0142333	0.00179637	0.0016083	5.51425e-07	4.84941e-05	0.98
4841.72	0.00536313	0.0274502	0.00170828	0.00158914	1.27156e-06	2.83945e-16	0.00795394	0.172434	0.00227755	0.00248497	4.47795e-05	9.846e-05	0.9
5248.07	0.00517384	0.00752914	0.00165051	0.00150003	1.07118e-06	2.84304e-16	0.00509621	0.011168	0.00167591	0.0015584	5.48357e-07	4.84857e-05	0.98
5688.53	0.0049013	0.0115605	0.0015493	0.00144338	9.34e-07	2.84222e-16	0.00566014	0.0485322	0.00175699	0.00177397	4.0289e-06	5.69027e-05	0.96
6165.95	0.00673758	0.0782273	0.00208924	0.00197958	9.69116e-06	2.8479e-16	0.0259205	1.41241	0.00659378	0.0078095	0.00215875	0.000416511	0.96
6683.44	0.0049171	0.00858654	0.00155726	0.00145387	8.97836e-07	2.80179e-16	0.00490132	0.0108202	0.00160026	0.00150423	5.2291e-07	4.33465e-05	0.96
7244.36	0.0317166	1.47642	0.00948766	0.00930458	0.00188452	2.84616e-16	0.0777823	5.15597	0.0189395	0.0275997	0.015588	0.0013416	0.94
7852.36	0.00527424	0.0116329	0.00166961	0.00154879	1.13943e-06	2.8326e-16	0.00549542	0.0599822	0.00174604	0.0016933	2.33413e-06	5.45274e-05	0.92
8511.38	0.0052529	0.00948362	0.00168397	0.00153177	1.0461e-06	2.85181e-16	0.00553991	0.0215552	0.00177162	0.00170219	1.27389e-06	5.30615e-05	0.96
9225.71	0.00601419	0.0259991	0.00189373	0.00176015	2.74332e-06	2.83083e-16	0.00971555	0.260567	0.00267185	0.00315787	8.28812e-05	0.000128554	0.96
