FocalLength	QRloss	IACloss
10	2.72844e-07	5.51451e-07
11	1.03805e-07	2.61245e-07
12	1.87505e-06	4.11403e-06
13	7.69418e-05	0.000116816
14	7.02724e-06	9.62357e-06
15	6.18551e-07	1.18832e-06
16	1.63918e-06	4.20724e-06
17	1.35813e-05	4.57381e-05
18	1.89374e-06	2.98081e-06
19	0.020406	0.0202769
20	1.41346e-06	1.79814e-06
21	8.9565e-07	2.15739e-06
22	5.64013e-07	1.14866e-06
23	1.87776e-06	2.03897e-06
24	5.94707e-05	6.59079e-05
25	3.94858e-06	4.36955e-06
26	7.41023e-06	1.3856e-05
27	9.82125e-07	3.23442e-06
28	6.82478e-05	7.10441e-05
29	4.87757e-06	6.98199e-06
30	1.98175e-05	2.51446e-05
31	4.69128e-06	9.52339e-06
32	4.22893e-07	8.00198e-07
33	0.000124177	0.000354687
34	5.75598e-05	0.000195822
35	1.51828e-05	2.39267e-05
36	0.000425932	0.00173242
37	9.66442e-06	1.21446e-05
38	1.50258e-06	3.96113e-06
39	2.96439e-06	4.26715e-06
40	1.32851e-06	1.90908e-06
41	2.19136e-06	1.24698e-05
42	1.30328e-05	2.23878e-05
43	7.78762e-05	0.000112721
44	0.030497	0.0281659
45	1.47248e-06	2.21773e-06
46	7.79075e-06	2.31085e-05
47	1.12559e-05	1.68701e-05
48	1.35297e-05	2.41525e-05
49	4.06315e-05	7.73733e-05
50	2.01034e-05	2.95813e-05
51	7.97896e-05	0.000341625
52	2.73349e-06	5.80027e-06
53	0.0128046	0.0124912
54	2.51768e-06	6.804e-06
55	5.66078e-06	1.9306e-05
56	1.63725e-05	4.48025e-05
57	3.07453e-05	8.23848e-05
58	1.5172e-05	1.92857e-05
59	1.20074e-05	1.88005e-05
60	2.70467e-06	1.40827e-05
61	8.96197e-06	2.21174e-05
62	1.78925e-05	3.80445e-05
63	2.53398e-05	5.98172e-05
64	7.98658e-06	6.75192e-05
65	0.000967289	0.00144128
66	4.05375e-05	9.63603e-05
67	1.0743e-05	1.79436e-05
68	2.29512e-06	4.0354e-06
69	0.000448043	0.000537115
70	2.24058e-05	4.43545e-05
71	1.62686e-05	2.09174e-05
72	1.09928e-06	3.66191e-06
73	0.000214989	0.00109152
74	2.34023e-05	4.12134e-05
75	0.00546386	0.00601032
76	2.47636e-06	6.11895e-06
77	1.85081e-05	2.35124e-05
78	0.000196622	0.000572289
79	4.39803e-06	1.24436e-05
80	1.48419e-05	2.66693e-05
81	7.55762e-06	1.48473e-05
82	8.61937e-07	1.79215e-06
83	6.79907e-05	7.36182e-05
84	0.000102851	0.000809754
85	0.000111007	0.000378756
86	7.74322e-06	1.48495e-05
87	4.52768e-06	7.19079e-06
88	2.48117e-06	4.39074e-06
89	9.58677e-06	1.95862e-05
90	5.31967e-05	0.000131063
91	1.17693e-05	1.7638e-05
92	5.40002e-06	1.49732e-05
93	5.00622e-05	6.37271e-05
94	0.00256753	0.00259395
95	4.59757e-05	5.48513e-05
96	0.000538774	0.00192482
97	1.9136e-06	2.81155e-06
98	0.000501994	0.00625161
99	2.13994e-06	5.07084e-06
100	1.31238e-05	4.37282e-05
101	8.80048e-06	1.07416e-05
102	0.00833717	0.0279883
103	1.13655e-06	3.14208e-06
104	2.4606e-06	5.18666e-06
105	0.0167952	0.0167832
106	3.01497e-06	6.1365e-06
107	0.0110666	0.00944552
108	0.000302079	0.000437669
109	1.84782e-05	3.86356e-05
110	1.87081e-05	3.66475e-05
111	0.280307	0.288925
112	1.22801	140.603
113	3.93802e-05	0.00013131
114	4.11381e-05	5.228e-05
115	2.70458e-06	3.81723e-06
116	0.00112101	0.00500023
117	1.60529e-05	4.24556e-05
118	0.246968	0.273258
119	2.5699e-05	3.86461e-05
120	0.000148036	0.000942772
121	4.43861e-06	8.65736e-06
122	4.09621e-05	6.97559e-05
123	6.39741e-06	1.37858e-05
124	4.30415e-06	9.77355e-06
125	1.56463e-06	2.9786e-06
126	0.00109388	0.00302014
127	0.0112864	0.01115
128	7.86832e-06	1.05543e-05
129	5.58895e-05	5.60599e-05
130	0.00207053	0.00232556
131	7.09001e-06	2.15273e-05
132	7.18074e-05	0.000156788
133	3.11702e-05	0.000104829
134	3.4697e-06	9.14826e-06
135	1.41876e-05	2.34391e-05
136	0.000184957	0.000201254
137	0.021149	0.0529276
138	0.000675704	0.00192391
139	1.80688e-05	3.29739e-05
140	9.43218e-06	1.19502e-05
141	0.0355977	0.0352212
142	3.91519e-06	9.64506e-06
143	0.000315043	0.000529377
144	8.16377e-06	2.67719e-05
145	7.67117e-06	9.60005e-06
146	1.26231e-05	1.7666e-05
147	1.13568e-05	1.84532e-05
148	1.01645e-05	2.13001e-05
149	5.90407e-05	0.000122961
150	1.12822e-05	1.77917e-05
151	0.000265319	0.000388589
152	4.33693e-06	6.38222e-06
153	6.25019e-06	1.46662e-05
154	0.000605211	0.000980134
155	4.42327e-06	1.4168e-05
156	4.10342e-05	4.14473e-05
157	5.51548e-06	2.12079e-05
158	0.000582563	0.000603047
159	6.42562e-05	8.60631e-05
160	5.21574e-05	7.40136e-05
161	1.38807e-05	3.67306e-05
162	3.29895e-06	7.83652e-06
163	1.33862e-05	1.90712e-05
164	2.90775e-05	6.10589e-05
165	7.65704e-06	1.22992e-05
166	9.0995e-06	1.18747e-05
167	6.67996e-06	2.29385e-05
168	6.74885e-06	1.06266e-05
169	0.000813029	0.00124088
170	2.0532e-05	3.73907e-05
171	1.20805e-05	4.53162e-05
172	6.65227e-05	0.000154628
173	0.00051469	0.000527597
174	8.3506e-06	1.26796e-05
175	6.08562e-05	6.89083e-05
176	0.0018639	0.00170172
177	2.2097e-05	4.86652e-05
178	8.74963e-05	6.64565e-05
179	6.67922e-06	8.12689e-06
180	0.00028156	0.000330527
181	2.19331e-05	2.48266e-05
182	9.06263e-05	0.000129784
183	6.94899e-05	0.000222883
184	9.58272e-06	2.39078e-05
185	6.14461e-05	0.000271799
186	1.18729	112.349
187	2.10912e-05	4.70192e-05
188	4.00578e-05	8.16989e-05
189	0.000186899	0.000324555
190	0.00619038	0.0227794
191	6.2883e-05	0.00031939
192	1.46505e-05	1.73414e-05
193	5.48512e-06	1.21198e-05
194	7.20552e-05	7.51626e-05
195	1.15909e-05	2.16889e-05
196	1.15907e-05	2.01908e-05
197	2.1196e-05	2.44767e-05
198	1.38327e-05	1.749e-05
199	9.94547e-05	0.000222252
200	1.18842e-05	2.22105e-05
201	6.53856e-05	0.000126272
202	4.33193e-05	0.00022371
203	1.44078e-05	4.48507e-05
204	9.25374e-05	0.000377484
205	5.18053e-05	0.000121967
206	7.23361e-05	8.34903e-05
207	1.50338e-05	4.38784e-05
208	0.00195977	0.00449759
209	1.08109e-05	1.6352e-05
210	5.05408e-05	6.44213e-05
211	6.88667e-06	1.26719e-05
212	1.57105e-05	2.17343e-05
213	3.74665e-05	4.37263e-05
214	0.0128087	0.0152781
215	9.2684e-05	0.000196724
216	0.00704795	0.00893145
217	0.000320042	0.000739258
218	6.6777e-06	1.25838e-05
219	0.0202694	0.0183863
220	0.000267101	0.000301958
221	2.94081e-05	4.96323e-05
222	3.32108e-05	5.94437e-05
223	3.92103e-05	8.04507e-05
224	3.89739e-05	6.25009e-05
225	1.08706e-05	3.33405e-05
226	7.55443e-06	2.63781e-05
227	7.99921e-05	0.000164166
228	4.78942e-05	6.29802e-05
229	2.80939e-05	3.46669e-05
230	3.65625e-05	4.83385e-05
231	3.30447e-05	7.19409e-05
232	9.08938e-05	0.000285615
233	2.07956e-05	3.05938e-05
234	0.000510315	0.00120441
235	6.37261e-05	6.68955e-05
236	1.68196e-05	2.52258e-05
237	5.54977e-05	7.10154e-05
238	1.39759e-05	2.59325e-05
239	2.07561e-05	6.13669e-05
240	8.2724e-05	0.00010513
241	0.0712995	0.397039
242	6.23121e-05	9.25841e-05
243	0.000167966	0.000567153
244	0.000388749	0.000513957
245	6.01175e-06	1.06344e-05
246	6.73348e-05	6.74211e-05
247	9.89613e-05	0.000202265
248	2.35089e-05	5.2401e-05
249	0.000561307	0.000998306
250	1.45308e-05	4.59357e-05
251	0.000271695	0.000453109
252	4.48222e-05	5.2013e-05
253	3.14203e-05	5.351e-05
254	1.48356e-05	2.32288e-05
255	7.33235e-06	1.33179e-05
256	0.00027011	0.000328888
257	2.5727e-05	4.13559e-05
258	5.71468e-05	0.000160405
259	1.35579e-05	2.73907e-05
260	1.97102e-05	6.52014e-05
261	1.47038e-05	3.03865e-05
262	0.00022596	0.000402467
263	1.88652e-05	4.06944e-05
264	0.000257203	0.00106232
265	1.01367e-05	1.44684e-05
266	0.00118842	0.00458322
267	0.0851415	0.0910954
268	8.68099e-05	0.000259709
269	0.000122832	0.000185467
270	6.0605e-05	8.14582e-05
271	1.03716e-05	1.37025e-05
272	3.89614e-05	5.11094e-05
273	2.96085e-05	8.04745e-05
274	0.000202454	0.000373269
275	4.62545e-05	0.00019388
276	3.49339e-05	6.57528e-05
277	3.54349e-05	4.46293e-05
278	2.92762e-05	5.82291e-05
279	3.10109e-05	3.59282e-05
280	8.18957e-05	9.73543e-05
281	4.51451e-06	6.9637e-06
282	2.7226e-05	7.34127e-05
283	0.000534524	0.000968661
284	0.0127761	0.0214084
285	0.000149847	0.000246078
286	0.000207565	0.000247209
287	2.43675e-05	6.46436e-05
288	3.95913e-05	5.8752e-05
289	0.000178268	0.000320543
290	9.33871e-06	2.2544e-05
291	3.30558e-05	9.6076e-05
292	2.70042e-05	7.04432e-05
293	6.22782e-06	1.20756e-05
294	8.65857e-06	1.27367e-05
295	0.000426186	0.000442352
296	5.28803e-05	6.29048e-05
297	6.63036e-05	0.000159602
298	0.000394572	0.000960044
299	0.0010016	0.00177003
