FocalLength	QRloss	IACloss
10	1.12456e-05	4.26154e-05
11	2.98179e-05	7.1617e-05
12	4.72193e-05	8.52192e-05
13	0.000134227	0.000268717
14	nan	40.4372
15	0.12362	1.00374
16	0.000636554	0.00164678
17	4.86862e-05	8.2831e-05
18	0.0436829	0.034899
19	0.000342659	0.0005243
20	8.12093e-05	0.000213602
21	0.262983	30.1054
22	0.000190917	0.000655413
23	4.24627e-05	8.52008e-05
24	0.000335422	0.000581205
25	0.00209459	0.00772695
26	nan	31.2403
27	0.000200835	0.000447751
28	0.000413872	0.00133581
29	5.28494e-05	0.000125395
30	0.0103761	0.00975555
31	0.000154774	0.000280513
32	0.00049129	0.00115856
33	0.000177518	0.000416959
34	0.0024715	0.00600154
35	0.000495919	0.000590982
36	0.000151914	0.000434673
37	0.000406222	0.000603172
38	0.00744105	0.016908
39	0.00337115	0.00478545
40	0.00621693	0.0133273
41	0.000582544	0.000789902
42	0.000203268	0.000414285
43	0.000325197	0.000599733
44	0.000678151	0.000832472
45	0.21258	0.216192
46	0.000628632	0.00208183
47	0.000520076	0.000715597
48	0.000317941	0.000918024
49	0.00821495	0.0205567
50	0.00848972	0.0121625
51	0.000538457	0.000693498
52	0.000115968	0.000484411
53	0.000842071	0.00107209
54	0.00197809	0.0026776
55	9.75946e-05	0.000271901
56	0.149341	0.174137
57	0.000271644	0.000423889
58	0.0015066	0.00622033
59	0.00027796	0.00159186
60	nan	145.08
61	0.000659263	0.00105434
62	0.000962154	0.00178156
63	0.000279271	0.000485293
64	0.000308976	0.000451976
65	0.0010851	0.00188881
66	0.00829218	0.0100617
67	0.00118663	0.0194146
68	0.0003333	0.00109291
69	0.000778715	0.00083178
70	0.0112361	0.0192832
71	0.0190303	0.0242451
72	0.0114221	0.0116308
73	0.00396091	0.00573338
74	0.00130346	0.00153822
75	0.00341756	0.00453013
76	0.000140572	0.000251835
77	0.00492321	0.00784275
78	0.00148344	0.0015658
79	0.000494826	0.00128142
80	0.000380127	0.00152492
81	0.00142265	0.00794353
82	0.000306171	0.000510446
83	0.000323507	0.000692348
84	0.00119085	0.00465509
85	nan	938.094
86	0.00192816	0.0122292
87	0.011113	0.0141359
88	0.000301048	0.00072012
89	0.0073443	0.0168381
90	0.000269325	0.000572232
91	0.00237388	0.0144554
92	0.000373424	0.000752244
93	0.000464626	0.00157187
94	0.00162492	0.00428302
95	0.00030543	0.00161038
96	0.00115284	0.00182608
97	0.00145539	0.00403096
98	1.64665	61.7775
99	1.73635	1.41333
100	0.00465286	0.0135563
101	0.00657396	0.0107355
102	0.00142373	0.00273041
103	0.100422	0.116145
104	0.0168882	0.0235163
105	0.000859407	0.00120931
106	0.0036893	0.00949082
107	0.00162621	0.00538254
108	0.00466092	0.00500506
109	0.00495493	0.00820983
110	0.00240042	0.00662987
111	0.0189906	0.0217631
112	0.00168801	0.00218015
113	nan	1998.6
114	0.0158167	0.100458
115	0.00130615	0.00311759
116	0.000969573	0.00409772
117	0.000647143	0.00229791
118	0.00712585	0.00564806
119	nan	794.896
120	0.00154381	0.00369763
121	0.000672435	0.00104532
122	0.323179	0.340917
123	nan	1139
124	0.000485692	0.000628586
125	0.00368927	0.017258
126	0.00405249	0.0107522
127	0.00356144	0.00400726
128	0.00673683	0.0460308
129	0.00627542	0.00903897
130	0.00840095	0.0106588
131	0.0011024	0.0020755
132	0.000167347	0.000329354
133	0.761576	136.951
134	0.0023505	0.00521503
135	0.00451244	0.00639471
136	0.0014283	0.00749779
137	0.00260134	0.00462992
138	0.00186199	0.00232473
139	0.00085872	0.00139331
140	0.000503075	0.000827635
141	0.00259114	0.00384782
142	nan	1623.81
143	0.0025227	0.0102907
144	0.000314048	0.000749084
145	0.000405313	0.000892389
146	0.00234581	0.00490718
147	0.000305065	0.000407355
148	0.00266659	0.0110724
149	nan	1223.84
150	0.00026348	0.000786573
151	nan	2376.33
152	0.0015295	0.00310968
153	0.0315259	0.0445458
154	0.0648714	0.0731254
155	0.000764609	0.0014912
156	nan	2858.06
157	0.00933779	0.0148262
158	0.000276482	0.000397391
159	0.00962731	0.0481318
160	0.0162787	0.0170855
161	0.000756524	0.000963438
162	0.00375547	0.00418017
163	0.00152271	0.00371362
164	0.00395595	0.00652351
165	0.00928374	0.00967015
166	0.000173661	0.000475092
167	0.0248762	0.0660478
168	0.00233677	0.00315215
169	0.00175171	0.00349766
170	0.0189421	0.0943228
171	0.000869	0.00180857
172	0.0255529	0.0465699
173	1.89896	15807.6
174	0.0117426	0.0116841
175	0.0059665	0.00704819
176	nan	1006.77
177	0.00582728	0.00845978
178	0.000267139	0.000387794
179	0.00351178	0.00369124
180	0.000345837	0.00100797
181	0.0273223	0.0321368
182	0.00680681	0.0314673
183	0.00997023	0.0406869
184	0.0694132	0.095614
185	2.03018	133.746
186	0.00224912	0.0106618
187	0.00255131	0.00447481
188	nan	5795.91
189	0.00286195	0.0070266
190	0.000421573	0.000501762
191	0.000845505	0.00135593
192	0.0048845	0.00527874
193	0.00117727	0.00355527
194	0.0484816	0.0459108
195	0.000434701	0.00127083
196	0.0297882	0.0401281
197	nan	2561.05
198	0.0125999	0.013586
199	0.00257694	0.00416761
200	0.00117932	0.00360923
201	0.00951562	0.0349535
202	0.000430907	0.00116792
203	0.000872584	0.00229185
204	0.000561023	0.00124143
205	0.000268315	0.000666063
206	0.00047027	0.00103501
207	0.00178304	0.00196451
208	nan	5987.45
209	0.000518239	0.00135113
210	0.000575167	0.00140891
211	0.00214505	0.00610565
212	0.0142142	0.0134634
213	0.00550775	0.0370448
214	0.00149874	0.00312136
215	0.0021762	0.0113541
216	0.000587302	0.00176029
217	0.00389014	0.00570581
218	0.00071627	0.00183116
219	0.00148455	0.00315565
220	0.000647387	0.00126243
221	0.0525899	0.0738075
222	nan	1282.31
223	0.00169764	0.00408581
224	0.000360538	0.000700354
225	0.00280831	0.00802794
226	0.00664285	0.00865693
227	0.118676	0.105729
228	0.00308354	0.0154471
229	0.00170619	0.00599325
230	0.000450617	0.000853602
231	nan	874.399
232	0.00651252	0.00777393
233	0.0017699	0.00450257
234	1.55251	1.54585
235	0.136619	0.121047
236	0.940316	0.889481
237	0.100136	0.104241
238	0.00509766	0.0259709
239	0.0083738	0.0202126
240	0.00355625	0.00461647
241	0.00186514	0.00309108
242	0.000463212	0.000982293
243	0.00570491	0.0100427
244	0.00364287	0.0120997
245	0.0283949	0.0329983
246	0.000909833	0.00191624
247	0.75655	0.830864
248	0.0220883	0.0233587
249	0.0536883	0.0921065
250	0.000687177	0.00144875
251	nan	10603.9
252	0.0102599	0.0220214
253	0.00403538	0.0077615
254	0.0371458	0.0709144
255	1.76789	493.833
256	0.0258611	0.0497687
257	0.0115753	0.0110331
258	1.15817	1.17022
259	nan	5373.7
260	0.00315415	0.00504813
261	0.000620585	0.00116727
262	nan	398.763
263	0.00167796	0.00273458
264	0.00116716	0.00173829
265	0.00124065	0.00193885
266	1.11267	537.421
267	0.00180124	0.00301703
268	0.00328841	0.00538845
269	0.0175383	0.0200825
270	0.0772229	0.0989217
271	0.00639651	0.0134467
272	0.00222903	0.00407582
273	nan	1035.71
274	0.00022313	0.000658547
275	0.00320439	0.0046401
276	0.217978	0.223354
277	0.0500619	0.055714
278	0.00317748	0.00579013
279	0.00442315	0.00946646
280	nan	4071.73
281	0.31513	0.340848
282	0.00046872	0.000877692
283	0.00433516	0.0153641
284	0.0137993	0.0151022
285	0.000436579	0.00333768
286	0.00895159	0.0114248
287	0.00283619	0.0446754
288	0.00562774	0.00757507
289	0.00175363	0.00353546
290	nan	1633.01
291	0.00234845	0.00416799
292	0.000730194	0.0016172
293	0.00238653	0.0055942
294	0.00215334	0.00443513
295	0.00167305	0.00232439
296	0.00198502	0.00516049
297	0.0487825	0.0505495
298	0.00501862	0.00524442
299	0.00226422	0.00836601
