FocalLength	QRloss	IACloss
10	0.474245	0.61358
11	0.491563	0.605498
12	0.463846	0.562903
13	0.417842	0.527694
14	0.395845	0.501276
15	0.401184	0.497465
16	0.368577	0.45998
17	0.368812	0.450245
18	0.339872	0.41623
19	0.575395	0.661342
20	0.336032	0.398104
21	0.333321	0.404016
22	0.30683	0.372708
23	0.315633	0.366189
24	0.308343	0.371744
25	0.307328	0.357547
26	0.286069	0.331752
27	0.28077	0.323864
28	0.265505	0.313126
29	0.281426	0.318364
30	0.279296	0.321507
31	0.252313	0.280895
32	0.255329	0.291465
33	0.233781	0.270595
34	0.252246	0.282882
35	0.235761	0.269478
36	0.240542	0.269337
37	0.220302	0.249981
38	0.227602	0.252658
39	0.228927	0.253253
40	0.226873	0.251122
41	0.223598	0.249629
42	0.194226	0.217681
43	0.193047	0.211897
44	0.219435	0.251443
45	0.206501	0.230253
46	0.21489	0.231887
47	0.187941	0.203903
48	0.182776	0.200131
49	0.181393	0.198032
50	0.17791	0.195837
51	0.188749	0.20737
52	0.178889	0.195274
53	0.169035	0.183087
54	0.160182	0.176773
55	0.153921	0.16914
56	0.164405	0.182444
57	0.155771	0.173311
58	0.147599	0.161637
59	0.152419	0.165699
60	0.153256	0.166998
61	0.156159	0.168165
62	0.145164	0.15889
63	0.142827	0.155643
64	0.14595	0.160818
65	0.13002	0.142076
66	0.142515	0.155218
67	0.127601	0.140702
68	0.136263	0.146265
69	0.131995	0.142443
70	0.129393	0.136571
71	0.147661	0.157444
72	0.129132	0.136271
73	0.133171	0.144621
74	0.115102	0.121223
75	0.168861	0.180501
76	0.108235	0.119242
77	0.127034	0.137241
78	0.110026	0.1192
79	0.103393	0.112057
80	0.116984	0.123749
81	0.106164	0.117521
82	0.103982	0.110837
83	0.0985807	0.103039
84	0.107045	0.11711
85	0.0993874	0.106302
86	0.106173	0.11259
87	0.0976113	0.103152
88	0.113813	0.118492
89	0.105662	0.114464
90	0.0995027	0.105409
91	0.103026	0.110876
92	0.0956855	0.103306
93	0.0979373	0.107538
94	0.0998585	0.105881
95	0.0985275	0.106811
96	0.081037	0.083355
97	0.0949974	0.0988018
98	0.0840743	0.0901841
99	0.0813511	0.0874132
100	0.0794749	0.085604
101	0.0894428	0.0958018
102	0.110633	0.115657
103	0.081639	0.0866981
104	0.0726924	0.0775759
105	0.0781408	0.083481
106	0.0768719	0.083167
107	0.0823522	0.0874724
108	0.0769228	0.0831165
109	0.0827422	0.0868294
110	0.0677039	0.0740641
111	1.38492	1.09537
112	nan	299.308
113	0.0773398	0.0821673
114	0.0814381	0.0881052
115	0.0691439	0.0753109
116	0.0779152	0.0855732
117	0.0673411	0.0729926
118	0.136874	0.25099
119	0.0628256	0.0693628
120	0.062769	0.0662859
121	0.0710752	0.0747794
122	0.057314	0.0615652
123	0.0680501	0.071727
124	0.0669371	0.0719146
125	0.0642283	0.0703953
126	0.0627343	0.0704497
127	0.0723606	0.0797279
128	0.0688301	0.0725585
129	0.0621268	0.0677087
130	0.0616563	0.0670002
131	0.060656	0.0623844
132	0.0645608	0.0686914
133	0.0622599	0.0624928
134	0.0682059	0.0719733
135	0.0566377	0.0609907
136	0.0621056	0.0650559
137	0.219915	0.221824
138	0.0646478	0.0685081
139	0.0572578	0.0618305
140	0.055912	0.0589921
141	0.398539	0.421747
142	0.0506958	0.0537613
143	0.0544809	0.0565846
144	0.0502282	0.0540848
145	0.0474023	0.0507302
146	0.04892	0.0533803
147	0.0534132	0.0565727
148	0.0511032	0.053514
149	0.0570136	0.0597385
150	0.0506503	0.0535585
151	0.0441705	0.0459035
152	0.0481523	0.0514161
153	0.0448132	0.0478913
154	0.0522027	0.0568127
155	0.0483474	0.0512525
156	0.0534832	0.0545163
157	0.0485352	0.0506846
158	0.055153	0.0566587
159	0.0494166	0.0535647
160	0.0502233	0.0529318
161	0.0460522	0.0486572
162	0.0482719	0.0506022
163	0.0513956	0.0542148
164	0.0469777	0.049902
165	0.046381	0.0482942
166	0.0469898	0.0465544
167	0.0394094	0.0433095
168	0.0470829	0.0481963
169	0.0511646	0.0537321
170	0.0509336	0.0522868
171	0.0467857	0.0487975
172	0.0521841	0.0540579
173	0.0524001	0.0550385
174	0.0472063	0.0493033
175	0.0507903	0.0516025
176	0.0570033	0.0588162
177	0.0544332	0.051558
178	0.0462964	0.0497595
179	0.044402	0.0456334
180	0.048339	0.051271
181	0.041032	0.0435936
182	0.0472048	0.0498292
183	0.0484821	0.0501072
184	0.0431518	0.044741
185	0.0431839	0.0444712
186	1.26062	1.1428
187	0.0484514	0.0483351
188	0.0496655	0.0488701
189	0.0444037	0.0464617
190	0.0760787	0.109918
191	0.0566689	0.0574611
192	0.0511462	0.0490621
193	0.0418068	0.043218
194	0.0484998	0.0483306
195	0.0532235	0.0540123
196	0.0524972	0.0533607
197	0.050389	0.0507
198	0.04579	0.0470115
199	0.0420107	0.0424782
200	0.0412291	0.0444455
201	0.0430286	0.0442426
202	0.0479926	0.0491877
203	0.0485524	0.0474559
204	0.0436484	0.0448178
205	0.0536554	0.0535273
206	0.0467553	0.0471459
207	0.0494526	0.0494396
208	0.0694032	0.0708742
209	0.0488429	0.0491062
210	0.0522489	0.0515534
211	0.0464682	0.0467846
212	0.0397014	0.0420903
213	0.0415093	0.0426342
214	0.0736574	0.0795071
215	0.0452195	0.0456575
216	0.0536547	0.0551503
217	0.0499339	0.0502648
218	0.0461745	0.0459883
219	0.0468174	0.0480926
220	0.0474138	0.0504495
221	0.0493844	0.0495861
222	0.0420798	0.0433831
223	0.0487764	0.0494898
224	0.0587152	0.0613712
225	0.0464755	0.0461545
226	0.0485111	0.0482637
227	0.0449695	0.0450409
228	0.0504326	0.0507429
229	0.0520285	0.0530238
230	0.0479832	0.0472977
231	0.0495664	0.0498156
232	0.0444616	0.0450844
233	0.0514148	0.0502145
234	0.0448022	0.0460984
235	0.0489348	0.0487088
236	0.0490364	0.0509749
237	0.0463087	0.0481028
238	0.0501814	0.0483392
239	0.0448091	0.0444748
240	0.0480695	0.0481558
241	0.671014	0.534364
242	0.0475414	0.0473876
243	0.047515	0.0461145
244	0.0507245	0.0499597
245	0.057113	0.0562503
246	0.0635832	0.0624677
247	0.0522498	0.0518751
248	0.0546028	0.0550716
249	0.0472389	0.0494182
250	0.0451186	0.0446963
251	0.04851	0.047373
252	0.0527501	0.0526537
253	0.052686	0.0531045
254	0.0524948	0.0516017
255	0.04604	0.0449458
256	0.0588281	0.0593462
257	0.0445222	0.0439083
258	0.0497826	0.0481192
259	0.0517759	0.0525918
260	0.0584993	0.0572016
261	0.0563525	0.0570572
262	0.0536452	0.0541444
263	0.0565326	0.0534574
264	0.0547089	0.0524081
265	0.0510268	0.0506809
266	0.0606206	0.0598478
267	0.117815	0.116979
268	0.0423144	0.0431618
269	0.058509	0.0591844
270	0.0537921	0.0538448
271	0.0586066	0.0545333
272	0.0554951	0.054757
273	0.057039	0.0533911
274	0.0565354	0.0548706
275	0.0506543	0.0501311
276	0.0577028	0.0563326
277	0.0499344	0.0489155
278	0.0590195	0.0583137
279	0.0572182	0.0559981
280	0.0517053	0.0522481
281	0.0533727	0.0527679
282	0.063494	0.0614938
283	0.0608991	0.0619835
284	0.0611222	0.0595106
285	0.061607	0.0616268
286	0.0656731	0.064076
287	0.0623678	0.0620184
288	0.0510353	0.0502711
289	0.056728	0.0551083
290	0.076429	0.0712519
291	0.0607058	0.0595197
292	0.0563403	0.0566455
293	0.0584159	0.0565751
294	0.0602493	0.0584034
295	0.0636843	0.0622203
296	0.0603035	0.0595122
297	0.0634956	0.0616287
298	0.0602269	0.0595306
299	0.0520168	0.0530089
