FocalLength	QRloss	IACloss
10	0.26675	0.450492
11	0.246974	0.397333
12	0.227374	0.370455
13	0.228719	0.356136
14	0.177865	0.294682
15	0.190109	0.289928
16	0.164025	0.276
17	0.15923	0.268671
18	0.162053	0.24112
19	0.148166	0.209073
20	0.123005	0.190653
21	0.11057	0.177121
22	0.116066	0.179979
23	0.108978	0.176017
24	0.0930228	0.143411
25	0.0798063	0.135904
26	0.0792484	0.127265
27	0.0961034	0.145768
28	0.0773895	0.116282
29	0.0708167	0.107128
30	0.0840271	0.118282
31	0.0677636	0.102683
32	0.0626532	0.101168
33	0.0519903	0.0838791
34	0.0637657	0.0933159
35	0.053189	0.0814486
36	0.06955	0.093955
37	0.0561648	0.0834581
38	0.0415348	0.0672769
39	0.053161	0.0747265
40	0.0458255	0.0734575
41	0.0420955	0.0644162
42	0.0356748	0.0570909
43	0.0348112	0.055661
44	0.038298	0.0562417
45	0.0369909	0.0569105
46	0.0414071	0.057924
47	0.0364577	0.0517301
48	0.0352021	0.0536313
49	0.0321745	0.0486734
50	0.0312973	0.0477295
51	0.0330529	0.0472805
52	0.027321	0.0405093
53	0.0303526	0.0436542
54	0.029354	0.0415822
55	0.024253	0.0358642
56	0.0185508	0.0328104
57	0.0230733	0.0365931
58	0.0238651	0.0379715
59	0.0218185	0.0329474
60	0.020914	0.0311217
61	0.0235896	0.0354453
62	0.0195295	0.031088
63	0.0209428	0.0300773
64	0.0202844	0.0301779
65	0.018184	0.0282313
66	0.0165848	0.026982
67	0.018027	0.0273318
68	0.0163185	0.0255986
69	0.0149438	0.0250589
70	0.016429	0.0256929
71	0.0158782	0.0258258
72	0.0148776	0.0232757
73	0.0125942	0.0209746
74	0.0126086	0.0208143
75	0.0110478	0.0177186
76	0.0174752	0.025614
77	0.0151368	0.0232167
78	0.0113661	0.0202465
79	0.0125596	0.020864
80	0.0125778	0.0199231
81	0.0142531	0.0229556
82	0.0110242	0.0187247
83	0.0108138	0.0186637
84	0.0117002	0.0181543
85	0.0108452	0.0164036
86	0.0111565	0.0179024
87	0.0116642	0.0181717
88	0.00962211	0.0161397
89	0.0100424	0.0166537
90	0.0110063	0.0170322
91	0.00883722	0.0152223
92	0.00802044	0.0141075
93	0.0111097	0.0174383
94	0.00968734	0.0151439
95	0.00933341	0.0155723
96	0.0192802	0.0280602
97	0.00887672	0.0141121
98	0.00616878	0.0125222
99	0.087856	0.0883005
100	0.00807828	0.0138043
101	0.00735716	0.0130471
102	0.00764726	0.0130824
103	0.00799445	0.0135266
104	0.0095986	0.0160019
105	0.00760961	0.0134785
106	0.00612133	0.010904
107	0.00666625	0.0110293
108	0.00697887	0.0122848
109	0.00684422	0.0115952
110	0.00738758	0.0122492
111	0.00736319	0.0122657
112	0.00678167	0.0111103
113	0.0059792	0.010934
114	0.00543798	0.0098998
115	0.00616125	0.0106723
116	0.0057324	0.00978194
117	0.00593821	0.010408
118	0.00565948	0.0102823
119	0.00455474	0.00901745
120	0.00618961	0.0105843
121	0.00580784	0.0103529
122	0.0043619	0.00913443
123	0.00519349	0.00977934
124	0.00500223	0.00934471
125	0.00435771	0.00829349
126	0.00430426	0.00876961
127	0.00530111	0.00921492
128	0.00469647	0.00862345
129	0.00482181	0.00872685
130	0.00508536	0.00820398
131	0.00490229	0.00913733
132	0.00519822	0.00913453
133	0.00511373	0.00850643
134	0.00436127	0.00845739
135	0.00478981	0.00835411
136	0.00525109	0.00866953
137	0.00467005	0.00824494
138	0.00386771	0.00752248
139	0.00507788	0.00848718
140	0.00463367	0.00791413
141	0.0044206	0.00811984
142	0.00448445	0.00788573
143	0.00357034	0.00672807
144	0.00368267	0.00753651
145	0.00496873	0.00853013
146	0.00426395	0.00966749
147	0.00333706	0.00684545
148	0.00431428	0.0121826
149	0.00458413	0.00766494
150	0.00423185	0.00721487
151	0.00793445	0.0289414
152	0.00466258	0.00779763
153	0.0046481	0.00779118
154	0.00375666	0.00694466
155	0.00492868	0.0137601
156	0.00432678	0.00705128
157	0.00299703	0.00586153
158	0.00365511	0.00632767
159	0.00509398	0.00734834
160	0.00318766	0.00605123
161	0.00365019	0.00639043
162	0.00373364	0.00675517
163	0.00439476	0.0073122
164	0.0037254	0.00637012
165	0.00409132	0.00646185
166	0.00429062	0.00697024
167	0.00387306	0.0068369
168	0.00377516	0.00627398
169	0.00358863	0.00639897
170	0.00325917	0.0060091
171	0.00309614	0.00575895
172	0.0043321	0.00726593
173	0.00362073	0.00618278
174	0.00481961	0.00708865
175	0.003654	0.00625774
176	0.00453447	0.00665997
177	0.00359702	0.00579801
178	0.00429156	0.00707997
179	0.0031048	0.00558316
180	0.00304971	0.00529713
181	0.00355372	0.00609043
182	0.00352603	0.00603983
183	0.00419972	0.00672708
184	0.00387191	0.00661886
185	0.00352801	0.00600208
186	0.00386493	0.00593749
187	0.00365796	0.0063068
188	0.00324642	0.0054971
189	0.00416062	0.00616452
190	0.00387236	0.00588723
191	0.00440269	0.00658957
192	0.00370126	0.00595955
193	0.0177399	0.0554292
194	0.00381839	0.00580361
195	0.00296749	0.00526092
196	0.00393614	0.00614635
197	0.00409927	0.00622737
198	0.00374589	0.00590553
199	0.00392128	0.00627759
200	0.00301478	0.00502167
201	0.00392557	0.00578279
202	0.00600399	0.0305383
203	0.00412377	0.00612115
204	0.00415201	0.00585945
205	0.00442005	0.00650707
206	0.00454751	0.0064228
207	0.00414917	0.00593874
208	0.00499847	0.00705231
209	0.00404824	0.00567161
210	0.00401229	0.005816
211	0.00364462	0.00569843
212	0.00395311	0.0058592
213	0.00394891	0.00583128
214	0.00425175	0.00590043
215	0.00468457	0.00653118
216	0.00379409	0.00528107
217	0.00431266	0.0059914
218	0.00425528	0.00613255
219	0.00411045	0.00576081
220	0.00472473	0.00628455
221	0.00503684	0.00635854
222	0.00405995	0.00568636
223	0.00462063	0.00667426
224	0.00384901	0.00562091
225	0.00417392	0.00599866
226	0.00463478	0.00606017
227	0.0037379	0.0053425
228	0.00564432	0.00905472
229	0.00420888	0.00568771
230	0.00488243	0.00622493
231	0.00448032	0.00597533
232	0.00436276	0.0058228
233	0.00451889	0.00618565
234	0.00366928	0.00529149
235	0.00446336	0.00591955
236	0.00453363	0.00586005
237	0.00548322	0.00675206
238	0.00460315	0.00609156
239	0.00428739	0.00576938
240	0.00528234	0.00667541
241	0.0041598	0.00570107
242	0.00482125	0.0084579
243	0.00471072	0.0059121
244	0.00504309	0.00644797
245	0.00456928	0.00590894
246	0.00452476	0.00574444
247	0.00414852	0.00561038
248	0.00471554	0.00608395
249	0.00462456	0.00609073
250	0.00467752	0.00629273
251	0.00473951	0.0059611
252	0.00448576	0.00586901
253	0.00495059	0.00631701
254	0.0045492	0.00548117
255	0.00421915	0.00542142
256	0.0051749	0.00623808
257	0.00429358	0.00550254
258	0.00508598	0.00638989
259	0.00526748	0.0063468
260	0.00467547	0.00583828
261	0.00443041	0.00579969
262	0.0051376	0.00630451
263	0.00534044	0.00645133
264	0.00568217	0.00672614
265	0.0051282	0.00642846
266	0.00490699	0.00605558
267	0.00522565	0.00631864
268	0.0058551	0.00705925
269	0.00458413	0.0057508
270	0.00476344	0.00570013
271	0.0053808	0.00647857
272	0.00480377	0.00572325
273	0.0045958	0.00584117
274	0.00528516	0.00646592
275	0.00527049	0.00641293
276	0.00525696	0.00636189
277	0.00596095	0.00696061
278	0.00561474	0.00674082
279	0.00505668	0.00616484
280	0.00565971	0.00646494
281	0.00558915	0.00665428
282	0.00515684	0.00612918
283	0.00505106	0.00617447
284	0.00563085	0.00665908
285	0.00494948	0.00602399
286	0.00565699	0.00652571
287	0.00624629	0.0072419
288	0.00527977	0.00643805
289	0.00528268	0.00638993
290	0.00610432	0.00686175
291	0.00544404	0.00650355
292	0.00525722	0.00631182
293	0.00573549	0.00684508
294	0.0055286	0.00659555
295	0.00545586	0.00630358
296	0.00770037	0.0324938
297	0.00577348	0.00673524
298	0.00592939	0.00682961
299	0.00615372	0.00727865
