FocalLength	QRloss	IACloss
10	0.291672	0.486926
11	0.294405	0.399975
12	0.285809	0.430419
13	0.302089	0.382461
14	0.249765	0.338656
15	0.170098	0.271258
16	0.197767	0.244706
17	0.118959	0.215404
18	0.112951	0.184187
19	0.124404	0.276407
20	0.158947	0.227238
21	0.113805	0.183751
22	0.153972	0.209635
23	0.0656164	0.149387
24	0.129476	0.1585
25	0.082674	0.130894
26	0.150858	0.201121
27	0.0806723	0.122144
28	0.144272	0.0969676
29	0.0730709	0.10098
30	0.0674755	0.0922478
31	0.103292	0.120798
32	0.033231	0.0757762
33	0.0475936	0.0802907
34	0.0432409	0.0771771
35	0.0574583	0.0655809
36	0.0634976	0.0847233
37	0.054468	0.0808483
38	0.0522952	0.0640094
39	0.0379483	0.061119
40	0.043311	0.0595215
41	0.0370741	0.0576198
42	0.0288944	0.0470561
43	0.0537004	0.0741571
44	0.0735046	0.0902074
45	0.0383181	0.0445132
46	0.0479188	0.0525632
47	0.0906635	0.105801
48	0.0368117	0.0498528
49	0.0354048	0.0478051
50	0.0288356	0.0374921
51	0.0440447	0.0544046
52	0.0378454	0.053633
53	0.0400462	0.0480043
54	0.0355537	0.0506846
55	0.0232686	0.032619
56	0.0515458	0.0584844
57	0.0208169	0.0381503
58	0.0337659	0.042039
59	0.0153923	0.0263704
60	0.0215872	0.026144
61	0.0190254	0.0260143
62	0.0187527	0.0261939
63	0.0221784	0.0300285
64	0.0163908	0.0238878
65	0.0279861	0.0213646
66	0.0133665	0.0263589
67	0.0239599	0.0373319
68	0.0144499	0.019673
69	0.0180264	0.0247039
70	0.0121205	0.02125
71	0.02799	0.0314116
72	0.0106757	0.0162209
73	0.0134878	0.0195549
74	0.00941367	0.0318464
75	0.0106408	0.0197667
76	0.0150976	0.0215901
77	0.0193192	0.016464
78	0.013259	0.0228319
79	0.016447	0.0195258
80	0.00635401	0.0134051
81	0.00763249	0.0148416
82	0.0292865	0.0296249
83	0.00647492	0.0150275
84	0.00462653	0.0120311
85	0.00854032	0.019644
86	0.00638731	0.0128545
87	0.010072	0.0163934
88	0.00785094	0.0141525
89	0.0212266	0.0264213
90	0.00836521	0.0124329
91	0.00648905	0.0106545
92	0.00826608	0.0149198
93	0.00955021	0.0139597
94	0.01102	0.0172838
95	0.0111323	0.0157849
96	0.0118914	0.0166992
97	0.00788717	0.0100125
98	0.00725354	0.0122466
99	0.0116661	0.0152739
100	0.00506526	0.0126391
101	0.0072209	0.0107966
102	0.00930671	0.0135677
103	0.00755655	0.0105651
104	0.00741524	0.010783
105	0.00770493	0.0105293
106	0.00986973	0.0135308
107	0.00690519	0.011392
108	0.00798626	0.0149158
109	0.00871355	0.0114515
110	0.00485685	0.00844354
111	0.00788297	0.01292
112	0.00529657	0.00792142
113	0.0071744	0.0114152
114	0.00556286	0.00942877
115	0.00850771	0.0116845
116	0.00780837	0.0114208
117	0.00636622	0.00799683
118	0.00363863	0.00707714
119	0.0164276	0.0191234
120	0.0039767	0.00897951
121	0.00820209	0.00828281
122	0.0092659	0.0127516
123	0.00639005	0.00793174
124	0.0155373	0.0192263
125	0.00583676	0.00784969
126	0.00428702	0.00752707
127	0.00503311	0.00802963
128	0.00602589	0.0108097
129	0.00456182	0.00850162
130	0.00828287	0.0164855
131	0.00349938	0.00534852
132	0.00192169	0.00746213
133	0.00521107	0.00743549
134	0.00683617	0.00718787
135	0.0119584	0.0104327
136	0.00258666	0.00626372
137	0.00302444	0.00729832
138	0.00438822	0.00833274
139	0.00566975	0.00975834
140	0.00457762	0.00800852
141	0.00331832	0.00553574
142	0.00423213	0.00625947
143	0.00368005	0.00782117
144	0.00759111	0.00926846
145	0.00761159	0.00924484
146	0.00343754	0.00591145
147	0.00207932	0.0056394
148	0.00251014	0.00562029
149	0.00840092	0.00714898
150	0.0041581	0.00717217
151	0.00468417	0.00628413
152	0.00607669	0.00944084
153	0.00492452	0.00671005
154	0.0081365	0.00962324
155	0.00424522	0.00788182
156	0.00324409	0.00606658
157	0.00545302	0.00708172
158	0.00197291	0.00474222
159	0.00373793	0.00862663
160	0.00588368	0.00704427
161	0.00376767	0.00547487
162	0.00236287	0.00502017
163	0.00365461	0.00605735
164	0.00589433	0.00732222
165	0.0050597	0.00682141
166	0.005972	0.00796891
167	0.00478732	0.00811493
168	0.00429411	0.00636213
169	0.00252045	0.00534722
170	0.00568608	0.00766706
171	0.00487581	0.00520176
172	0.00389196	0.00596216
173	0.00349561	0.00540827
174	0.0030759	0.00603411
175	0.00456168	0.00602161
176	0.00563622	0.00864261
177	0.00247645	0.00586578
178	0.00292441	0.00475166
179	0.00481178	0.00615564
180	0.00370933	0.00559175
181	0.00349744	0.00584902
182	0.00540255	0.00763775
183	0.00236085	0.005201
184	0.00446252	0.00589375
185	0.00400688	0.0053154
186	0.00557326	0.00773278
187	0.00467914	0.00800521
188	0.00444914	0.00565732
189	0.00407018	0.00637748
190	0.00380054	0.00642362
191	0.00408842	0.00537292
192	0.00259704	0.00508862
193	0.00417275	0.00564819
194	0.00256131	0.00415448
195	0.00956772	0.00880281
196	0.00284968	0.00549841
197	0.00356563	0.00534082
198	0.00215247	0.00403953
199	0.00689901	0.0100153
200	0.00620905	0.00627899
201	0.00255974	0.00478508
202	0.00327098	0.00445032
203	0.00438431	0.00529871
204	0.00324825	0.00504299
205	0.00247896	0.00506067
206	0.00510833	0.00616099
207	0.0032177	0.00468325
208	0.00299038	0.00501536
209	0.00414655	0.00555986
210	0.00611686	0.00708718
211	0.00372449	0.00553205
212	0.00309396	0.00515604
213	0.00423578	0.00561237
214	0.00469013	0.00601718
215	0.0034981	0.00781647
216	0.00577296	0.00543614
217	0.00373711	0.00566085
218	0.0033964	0.00496097
219	0.00347479	0.00524179
220	0.00493351	0.00714341
221	0.00489476	0.00595839
222	0.00452257	0.00657183
223	0.00647166	0.00456143
224	0.00408298	0.00505015
225	0.00416467	0.00525429
226	0.00583667	0.00497292
227	0.00444778	0.00508996
228	0.00460643	0.00656292
229	0.00441084	0.00545541
230	0.00329183	0.00515328
231	0.00418437	0.00553973
232	0.00327841	0.00443452
233	0.00502089	0.00840861
234	0.00411655	0.00488758
235	0.0148537	0.00862258
236	0.0046998	0.0067576
237	0.00339954	0.00531017
238	0.00458115	0.00559292
239	0.00718016	0.00521306
240	0.00407249	0.00560255
241	0.00320683	0.00474495
242	0.00383321	0.00458415
243	0.00550289	0.00655274
244	0.00485084	0.00588034
245	0.00650232	0.00841612
246	0.00422187	0.00571059
247	0.00712703	0.00607454
248	0.00488162	0.0062013
249	0.00451921	0.00630889
250	0.00526232	0.00562681
251	0.00465904	0.00513902
252	0.00303773	0.00421445
253	0.00420072	0.00591919
254	0.0067733	0.00845435
255	0.00535388	0.00629111
256	0.00428875	0.00522599
257	0.00464672	0.00594243
258	0.00680182	0.0060886
259	0.00338148	0.00504398
260	0.00560421	0.00765508
261	0.00481498	0.00605775
262	0.00377555	0.00515264
263	0.00313498	0.00395073
264	0.00479203	0.00637791
265	0.00613646	0.00764582
266	0.00617396	0.00691393
267	0.00535044	0.00660655
268	0.00590608	0.00639021
269	0.0047618	0.00507865
270	0.00550181	0.00595197
271	0.00220284	0.00424995
272	0.00515476	0.00570918
273	0.00453512	0.00556227
274	0.00604628	0.00670639
275	0.00555042	0.00655991
276	0.00541456	0.00615302
277	0.00537929	0.00586615
278	0.00750597	0.00847911
279	0.00543696	0.00677286
280	0.00468371	0.00569175
281	0.00426299	0.00487622
282	0.00527683	0.00565463
283	0.00324033	0.00492834
284	0.00525833	0.00589292
285	0.00535523	0.00685294
286	0.00677047	0.00679897
287	0.00590538	0.0071539
288	0.00407484	0.00528423
289	0.00591412	0.00658651
290	0.00585985	0.00591358
291	0.00406631	0.0053693
292	0.0050365	0.00583837
293	0.0058465	0.0059276
294	0.00386854	0.00442496
295	0.00653551	0.00713726
296	0.00401662	0.00552484
297	0.0055343	0.00697737
298	0.00638371	0.00649458
299	0.00765518	0.0113065
