FocalLength	QRloss	IACloss
10	0.231562	0.22331
11	0.196639	0.185022
12	0.157973	0.150245
13	0.149788	0.14499
14	nan	49.4014
15	nan	5.93427
16	0.0996362	0.0960531
17	0.0968254	0.090018
18	0.10672	0.100364
19	0.0771123	0.0745266
20	0.0650919	0.0624965
21	0.33518	8.00207
22	0.0575031	0.055181
23	0.0466581	0.0448271
24	0.0484067	0.0465643
25	0.0429848	0.0525422
26	0.129147	0.158691
27	0.0365811	0.0347221
28	0.0318619	0.0317389
29	0.0298653	0.0282882
30	0.0467647	0.042444
31	0.0238641	0.023186
32	0.0223691	0.0219493
33	0.0199647	0.0196108
34	0.0353128	0.0376154
35	0.0168171	0.0163694
36	0.0153105	0.0148852
37	0.0143296	0.0139145
38	0.0164652	0.0258466
39	0.0143507	0.0148711
40	0.0771756	0.0735381
41	0.0110865	0.0109242
42	0.0094972	0.00922486
43	0.00924627	0.00915789
44	0.00981977	0.00944263
45	0.379785	127.031
46	0.00692087	0.00724139
47	0.00571732	0.00574122
48	0.00571305	0.00570667
49	0.154911	0.14769
50	0.101764	0.105972
51	0.00341597	0.00359415
52	0.00283517	0.0027879
53	0.00229931	0.00225908
54	0.00315261	0.0036535
55	0.00172585	0.00173229
56	nan	1164.66
57	0.000943757	0.00105803
58	0.0020592	0.00330504
59	0.000740246	0.00103554
60	nan	392.042
61	0.00239011	0.00274613
62	0.00129325	0.00176813
63	0.000875914	0.00103141
64	0.00123575	0.00127323
65	0.00263794	0.00319842
66	0.2374	0.252742
67	0.00295646	0.00757761
68	0.00655784	0.00743869
69	0.00193942	0.00193442
70	0.0070373	0.0143172
71	0.0259526	0.0521634
72	0.0122582	0.0114824
73	0.00405844	0.00530751
74	0.00336593	0.00373384
75	0.0466635	0.0469208
76	0.00356638	0.00357371
77	0.00487454	0.00598469
78	0.00578706	0.005721
79	0.00825372	0.00946033
80	0.00424688	0.00421629
81	0.00755687	0.0107379
82	0.00468284	0.00452989
83	0.011555	0.0119738
84	0.0375248	0.0374071
85	nan	316.225
86	0.0101519	0.013775
87	0.016652	0.0189403
88	0.0062282	0.0064329
89	0.149447	0.151018
90	0.00546948	0.0053009
91	0.023285	0.0221687
92	0.00617769	0.00632417
93	0.00646078	0.00729048
94	0.00860501	0.0111467
95	0.00796338	0.00873986
96	0.00741425	0.00813252
97	0.0114691	0.0120192
98	nan	636.336
99	nan	2917.42
100	0.0124419	0.0130581
101	0.189017	0.175996
102	0.00811084	0.0116574
103	0.956377	9.46424
104	0.0137782	0.0348956
105	0.00900929	0.00912997
106	0.017349	0.0214771
107	0.0589197	0.0532989
108	0.0393032	0.0387567
109	0.0331598	0.0327794
110	0.0141258	0.0167506
111	0.0223172	0.0238389
112	0.00839191	0.00811666
113	nan	292.778
114	0.251668	0.250604
115	0.0110846	0.0112645
116	0.0124564	0.0175196
117	0.0122556	0.0126434
118	0.0254209	0.0283396
119	nan	2592.92
120	0.0126599	0.0124912
121	0.0156945	0.0146823
122	1.80717	2.46946e+06
123	2.24214	796.135
124	0.0138461	0.0134968
125	0.136893	0.118459
126	0.0157408	0.0203466
127	0.0143185	0.0146459
128	0.0255707	0.0300575
129	0.060856	0.0566289
130	0.024943	0.0271673
131	0.0139902	0.0151221
132	0.0152237	0.0149603
133	nan	508.764
134	0.0418881	0.0430071
135	0.0262249	0.0256713
136	0.0258897	0.0286824
137	0.0179302	0.0247989
138	0.0181592	0.0177035
139	0.0168885	0.0163298
140	0.0182976	0.0170476
141	0.0200533	0.0195441
142	nan	5876.27
143	0.0215658	0.0250443
144	0.0168947	0.0169068
145	0.0187812	0.0183208
146	0.0189289	0.022411
147	0.0201839	0.0190403
148	0.0265208	0.0286183
149	nan	1658.08
150	0.0206406	0.0195944
151	nan	13308.1
152	0.0290181	0.0285605
153	0.401737	0.387165
154	0.0478894	0.0594955
155	0.0232126	0.0216815
156	nan	537.96
157	0.0339884	0.0350071
158	0.0187046	0.0178531
159	0.0277906	0.0629419
160	0.0406474	0.0409312
161	0.0197717	0.0189005
162	0.0316132	0.030103
163	0.0270151	0.0277689
164	0.119612	0.119872
165	0.178572	0.174794
166	0.0241393	0.022622
167	0.063631	0.089814
168	0.0388536	0.0380844
169	0.0263123	0.026393
170	0.285093	0.284721
171	0.0318113	0.0313042
172	2.22858	989.435
173	2.40998	1432.45
174	0.0254796	0.0240162
175	0.0280541	0.0363214
176	nan	1953.32
177	0.048755	0.0487104
178	0.0218804	0.0208288
179	0.0331889	0.0314756
180	0.0265886	0.0254701
181	0.0479037	0.0453017
182	0.0442846	0.0433171
183	0.791393	0.703796
184	0.0633566	0.0623351
185	nan	1659.63
186	0.10922	0.105966
187	0.0289682	0.030618
188	nan	789.831
189	0.0389195	0.0411519
190	0.0312656	0.0300583
191	0.0332471	0.0334948
192	0.0315216	0.0331053
193	0.0380925	0.0360994
194	0.0416753	0.0469944
195	0.0299881	0.0294822
196	0.0947426	0.139954
197	nan	2876.24
198	0.039733	0.0435418
199	0.0312882	0.0342212
200	0.035686	0.0356924
201	0.337014	0.329032
202	0.0297203	0.0283589
203	0.0344437	0.032493
204	0.0332364	0.0332734
205	0.0385843	0.0374902
206	0.0460066	0.0426238
207	0.0353952	0.0337338
208	1.33769	1.2029
209	0.0324634	0.0317476
210	0.0324468	0.0313041
211	0.137597	0.115067
212	0.0738724	0.056372
213	0.0825206	0.0825681
214	0.0360824	0.0355446
215	0.0362143	0.0355344
216	0.032897	0.0317369
217	0.0448196	0.0451289
218	0.0346033	0.033609
219	0.042857	0.0440904
220	0.0428754	0.0407038
221	0.0648605	0.0980497
222	nan	2976.65
223	0.0393532	0.0382616
224	0.0354494	0.0359371
225	0.0366568	0.0389431
226	0.0449614	0.052662
227	0.413649	0.450669
228	0.33894	0.327269
229	0.0395121	0.0410273
230	0.0469474	0.0460192
231	nan	3019.34
232	0.0470056	0.0501338
233	0.131623	0.129463
234	3.90447	3095.77
235	0.196777	0.200627
236	nan	969.014
237	0.0840804	0.0855301
238	0.0420265	0.0453283
239	0.0696428	0.0774654
240	0.0470276	0.0437349
241	0.0484508	0.0464249
242	0.0388287	0.0370629
243	0.0440533	0.0472486
244	0.120369	0.117968
245	0.156475	0.158604
246	0.0601968	0.0566499
247	4.95628	3598.61
248	0.0702463	0.0763639
249	0.0982791	0.106759
250	0.0477563	0.0468064
251	nan	2849.18
252	0.092797	0.0945189
253	0.0529568	0.0570502
254	0.0849782	0.10538
255	nan	1479.65
256	0.504056	0.522791
257	0.0541604	0.0529806
258	0.503908	0.506377
259	nan	1927.57
260	0.0452216	0.0464486
261	0.0597967	0.0511518
262	nan	1111.74
263	0.0490356	0.0469549
264	0.0493796	0.0463833
265	0.0455187	0.0443531
266	0.399742	0.359294
267	0.0465753	0.0447243
268	0.050857	0.0519337
269	0.11453	0.0931236
270	0.151215	0.166014
271	0.092299	0.0894069
272	0.0764641	0.0740643
273	3.85466	1938.04
274	0.0464471	0.0458768
275	0.0644898	0.0622681
276	0.0553613	0.0687191
277	0.0835363	0.0826006
278	0.0416894	0.048784
279	0.0791034	0.0790691
280	nan	1423.05
281	0.824181	0.825262
282	0.0503768	0.0481524
283	0.05929	0.0777886
284	0.0673912	0.0655974
285	0.0538687	0.0539919
286	0.0908099	0.0982375
287	0.16787	0.160073
288	0.0555848	0.0646762
289	0.0573314	0.0553846
290	nan	14019.9
291	0.0603844	0.0593332
292	0.0494596	0.0472835
293	0.0568904	0.0548969
294	0.0547631	0.0568423
295	0.0593358	0.056183
296	0.0601069	0.0582884
297	0.0730083	0.0717104
298	0.0634709	0.0608661
299	0.0606219	0.0620448
