FocalLength	QRloss	IACloss
10	0.241655	0.437198
11	0.214402	0.396471
12	0.205096	0.34219
13	0.19001	0.32064
14	0.244951	0.425619
15	0.119156	0.232214
16	0.145954	0.202674
17	0.213136	0.321184
18	0.180868	0.292902
19	0.153642	0.232051
20	0.107091	0.16721
21	0.127954	0.22329
22	0.138279	0.194523
23	0.123712	0.171997
24	0.138267	0.19838
25	0.0621166	0.103568
26	0.0551593	0.0891597
27	0.0832396	0.126969
28	0.113416	0.137608
29	0.0733748	0.107103
30	0.0548462	0.0812189
31	0.104527	0.138594
32	0.0330916	0.0584032
33	0.0542243	0.0987983
34	0.0650819	0.103752
35	0.0723886	0.0841281
36	0.0524861	0.0826055
37	0.0354255	0.0626496
38	0.0397644	0.0671028
39	0.044702	0.0628028
40	0.0558356	0.0883284
41	0.0365028	0.0557475
42	0.033503	0.0510793
43	0.0281006	0.0515877
44	0.0221699	0.0443796
45	0.0450938	0.0567527
46	0.0553498	0.0693752
47	0.0383202	0.0476106
48	0.0260629	0.0422601
49	0.029926	0.0462915
50	0.0293363	0.0394962
51	0.0265526	0.0446029
52	0.0432318	0.0584302
53	0.0109869	0.025555
54	0.0227628	0.03864
55	0.0180699	0.0335717
56	0.0381759	0.0673706
57	0.0281643	0.0484195
58	0.0163177	0.032621
59	0.0185114	0.0279461
60	0.0269457	0.0375169
61	0.0186318	0.0282699
62	0.0198759	0.0303568
63	0.011046	0.0212549
64	0.0211587	0.0355591
65	0.0158116	0.0271136
66	0.0170623	0.0323348
67	0.0140791	0.0216771
68	0.0218173	0.0312076
69	0.0120483	0.0184874
70	0.0255953	0.0317505
71	0.0159028	0.0259291
72	0.00885792	0.0182188
73	0.0160839	0.0238814
74	0.0161001	0.0258623
75	0.0151164	0.0244733
76	0.0180914	0.0314259
77	0.0252346	0.0316185
78	0.0197102	0.0283232
79	0.00848076	0.0143065
80	0.00993184	0.016737
81	0.00588814	0.0132875
82	0.0149616	0.021874
83	0.0148086	0.0220865
84	0.0083317	0.0139426
85	0.0123399	0.0218649
86	0.0111968	0.01604
87	0.00515328	0.0162007
88	0.0107116	0.0180869
89	0.0117952	0.016826
90	0.0106722	0.0157893
91	0.00866727	0.015041
92	0.0127072	0.0192717
93	0.0162486	0.021606
94	0.0095731	0.0150625
95	0.00765963	0.0139276
96	0.00913402	0.0138135
97	0.0103421	0.0145295
98	0.00711163	0.0140012
99	0.00811738	0.013508
100	0.00489919	0.0108331
101	0.00659251	0.010784
102	0.00761787	0.011813
103	0.00400007	0.00789979
104	0.00781402	0.0111867
105	0.00904956	0.0126752
106	0.00612988	0.0135843
107	0.00559532	0.0117904
108	0.00574318	0.0109123
109	0.00577223	0.00933674
110	0.00479925	0.00952605
111	0.00733336	0.0129298
112	0.00558131	0.0123539
113	0.00323534	0.00750893
114	0.00480067	0.00944114
115	0.0103349	0.0202452
116	0.00546478	0.0116102
117	0.00616715	0.0108945
118	0.0386364	0.053468
119	0.00652607	0.0121565
120	0.0054484	0.00851194
121	0.0037545	0.0080769
122	0.00318919	0.00864375
123	0.00537379	0.00936925
124	0.0134776	0.019274
125	0.00706965	0.0117503
126	0.00532061	0.0083347
127	0.0110764	0.0154234
128	0.00664336	0.0101581
129	0.00575162	0.0101613
130	0.00427818	0.00853235
131	0.00559295	0.0098203
132	0.00595678	0.00868227
133	0.00249507	0.00601341
134	0.0165506	0.023095
135	0.00799001	0.0120597
136	0.00623107	0.00989992
137	0.00474018	0.00902507
138	0.00530753	0.0093394
139	0.00213301	0.00521964
140	0.00333269	0.00698406
141	0.00575378	0.00882216
142	0.00381694	0.0069947
143	0.00615547	0.00976
144	0.00557267	0.0095926
145	0.00385173	0.00837369
146	0.00496415	0.0083241
147	0.00510209	0.0107312
148	0.00458897	0.00854603
149	0.00351884	0.00881912
150	0.00809931	0.0105031
151	0.00340369	0.00766876
152	0.00168579	0.00469372
153	0.00361581	0.00578598
154	0.00521701	0.00794377
155	0.00408308	0.00772498
156	0.0075665	0.0103672
157	0.00367328	0.00831123
158	0.00380766	0.00546397
159	0.00432235	0.0063251
160	0.00241115	0.00568158
161	0.00408859	0.00684555
162	0.00873977	0.0103369
163	0.00325805	0.0059704
164	0.00410738	0.00677255
165	0.00266964	0.00455514
166	0.00457758	0.00652682
167	0.00402334	0.00690317
168	0.00405377	0.00593331
169	0.00552335	0.00723326
170	0.00368697	0.00581274
171	0.00337396	0.00751116
172	0.00310537	0.00533614
173	0.00321212	0.00625892
174	0.00638181	0.00805983
175	0.00341976	0.00583512
176	0.0018226	0.00469351
177	0.00253876	0.00498416
178	0.00534015	0.00748327
179	0.0023443	0.00474088
180	0.00418456	0.00602411
181	0.0021188	0.00596662
182	0.00711816	0.00874126
183	0.00329021	0.00480952
184	0.00364965	0.00600713
185	0.00618776	0.00755128
186	0.00470291	0.0066788
187	0.00352439	0.00564209
188	0.00722395	0.0101151
189	0.00613332	0.00731731
190	0.00314293	0.005368
191	0.00185805	0.00388596
192	0.00503044	0.00730998
193	0.00246088	0.0052437
194	0.00335068	0.00573913
195	0.0090372	0.0112113
196	0.00480343	0.00660084
197	0.00502297	0.00727641
198	0.0027742	0.00425578
199	0.00393733	0.00595305
200	0.00755912	0.0419647
201	0.00597929	0.00770666
202	0.00651068	0.0076993
203	0.0023459	0.00489706
204	0.00407078	0.00690106
205	0.00350437	0.00611226
206	0.00378052	0.00663584
207	0.00327739	0.00517976
208	0.00447642	0.00635286
209	0.00263063	0.00463941
210	0.00266558	0.00459304
211	0.00359711	0.00588368
212	0.00374329	0.00646169
213	0.00296383	0.0051181
214	0.00359772	0.0059507
215	0.00340783	0.0056143
216	0.00458312	0.00554495
217	0.00466024	0.00714033
218	0.00208983	0.00476462
219	0.00585268	0.00981237
220	0.00480399	0.00622764
221	0.00369214	0.00573714
222	0.00378889	0.00507519
223	0.00469798	0.00625629
224	0.00335888	0.00466902
225	0.00271487	0.00542972
226	0.00409084	0.00516057
227	0.00495007	0.0057458
228	0.00412921	0.00528608
229	0.00437061	0.00651148
230	0.0050212	0.00704764
231	0.00295632	0.00439866
232	0.00499464	0.00634381
233	0.00402051	0.00561249
234	0.00526828	0.006178
235	0.0061824	0.00854914
236	0.00342415	0.00542722
237	0.00476723	0.00621989
238	0.00302557	0.00513084
239	0.00411865	0.00593405
240	0.00498165	0.00604582
241	0.0038072	0.00456663
242	0.00578316	0.00801675
243	0.00403806	0.00644762
244	0.00548589	0.00662095
245	0.00361212	0.00516109
246	0.00487877	0.00611967
247	0.00544651	0.00597311
248	0.00644167	0.00703735
249	0.00640209	0.00746591
250	0.00636118	0.00797462
251	0.00756257	0.009131
252	0.00611558	0.00713267
253	0.00472645	0.00578852
254	0.00363869	0.00518439
255	0.0046339	0.00600675
256	0.00694911	0.00775398
257	0.00413767	0.00495185
258	0.00810186	0.0102237
259	0.00277862	0.00413638
260	0.00532994	0.00620822
261	0.00604449	0.0069872
262	0.00294455	0.0044776
263	0.00652369	0.00725307
264	0.00484474	0.00740717
265	0.00363759	0.00496421
266	0.00626263	0.00761583
267	0.00383007	0.00536249
268	0.00403824	0.00486472
269	0.00887819	0.0107625
270	0.0047356	0.00617213
271	0.0047257	0.00656013
272	0.00307104	0.0038371
273	0.00407723	0.00542915
274	0.0030231	0.00448824
275	0.00426498	0.00585358
276	0.00502701	0.00573336
277	0.00535788	0.00643539
278	0.00510112	0.00592494
279	0.00602847	0.00685102
280	0.00342283	0.00444782
281	0.0047766	0.00581437
282	0.0054274	0.00670907
283	0.00426758	0.00530763
284	0.00840047	0.0090877
285	0.00402131	0.00557335
286	0.00723599	0.00853857
287	0.0087604	0.0091045
288	0.00587817	0.00665956
289	0.00419974	0.00509813
290	0.00420793	0.00544786
291	0.011413	0.0132725
292	0.00611279	0.00651801
293	0.00764367	0.00911658
294	0.00484291	0.00559814
295	0.00821973	0.00935106
296	0.00558704	0.00607089
297	0.008166	0.00939871
298	0.00386559	0.00529984
299	0.00630486	0.00648463
