FocalLength	QR_Kcost	QR_Focalcost	QR_PPcost	QR_Skewcost	QR_RRtcost	IAC_Kcost	IAC_Focalcost	IAC_PPcost	IAC_Skewcost	IAC_RRtcost	Rank3Rate
10	0.213757	0.147828	0.115245	0.00588848	2.83761e-16	0.204342	0.149367	0.107614	0.00308285	0.0123976	0.98
11	0.226664	0.154831	0.123378	0.0112643	2.79072e-16	0.203851	0.152367	0.105509	0.00228665	0.0138108	0.92
12	0.178398	0.127921	0.0935328	0.00383868	2.8298e-16	0.171771	0.130615	0.0872449	0.00143013	0.00983629	0.96
13	0.146008	0.102499	0.0764649	0.00309875	2.71898e-16	0.138603	0.104086	0.0724154	0.000941758	0.00687797	1
14	0.125521	0.0867802	0.068761	0.00185061	2.76558e-16	0.122748	0.0901435	0.0668632	0.00056826	0.00564452	1
15	0.113294	0.0798907	0.0618949	0.00117187	2.76879e-16	0.113387	0.084417	0.0621704	0.000410018	0.0044486	1
16	0.0971275	0.0685882	0.0524536	0.000986563	2.78144e-16	0.0953254	0.0709771	0.0507256	0.000321438	0.00374119	0.96
17	0.0898564	0.0637779	0.0489339	0.000869157	2.83561e-16	0.0872028	0.0642878	0.0488547	0.000225965	0.0031711	0.96
18	0.0732075	0.0484943	0.0421899	0.000789175	2.82458e-16	0.0689582	0.0492482	0.0405852	0.000159107	0.00266623	1
19	0.069501	0.0477441	0.0386654	0.000639141	2.86436e-16	0.067354	0.0485357	0.0386941	0.000129561	0.00241531	1
20	0.0640115	0.0444726	0.0352741	0.000488462	2.81221e-16	0.0608975	0.0446406	0.0346929	9.26509e-05	0.00205388	0.94
21	0.0613591	0.0424967	0.0348337	0.000432078	2.88583e-16	0.0583918	0.0430103	0.0331175	7.66504e-05	0.00188437	1
22	0.0494981	0.0335931	0.0281959	0.000279098	2.89781e-16	0.0478603	0.0343166	0.0283081	5.58469e-05	0.00144524	0.98
23	0.0470146	0.0314848	0.0270322	0.000317353	2.80274e-16	0.0447017	0.0323273	0.0258183	4.73989e-05	0.00144071	0.98
24	0.0459101	0.0314769	0.0258194	0.000299071	2.84502e-16	0.0428393	0.0323172	0.0235546	4.03046e-05	0.00136701	0.98
25	0.0456927	0.0307856	0.0264458	0.000307265	2.90973e-16	0.0434963	0.0318635	0.0249157	2.93742e-05	0.00125345	0.98
26	0.0392502	0.027457	0.0219329	0.000192962	2.70483e-16	0.0370331	0.0274371	0.0208977	2.08329e-05	0.000936924	0.96
27	0.0322072	0.0224159	0.0181028	0.000112756	2.80223e-16	0.0323464	0.0238858	0.0183034	1.70914e-05	0.000769582	0.88
28	0.0298737	0.0204956	0.0169443	0.000102372	2.78859e-16	0.029402	0.0210439	0.0175672	1.30136e-05	0.000703806	0.98
29	0.0296845	0.0204132	0.0171848	7.67777e-05	2.78358e-16	0.0283084	0.0206106	0.016587	1.1024e-05	0.000649524	0.94
30	0.026867	0.0186311	0.0153127	7.11683e-05	2.75887e-16	0.0259783	0.0190535	0.0151496	8.38164e-06	0.000611882	0.94
31	0.0224878	0.0157836	0.0128123	4.50004e-05	2.84753e-16	0.0223242	0.016401	0.0130093	6.51745e-06	0.000439348	0.94
32	0.018731	0.0126713	0.0106454	4.57177e-05	2.8127e-16	0.0179732	0.0128777	0.0106962	5.61167e-06	0.000418679	0.98
33	0.020676	0.0140832	0.0121568	5.59474e-05	2.73776e-16	0.0195168	0.0142821	0.011574	5.08713e-06	0.000416702	0.98
34	0.0167663	0.0113591	0.00987508	3.38637e-05	2.74019e-16	0.0164365	0.0116329	0.00997777	3.44449e-06	0.000302345	0.98
35	0.0179361	0.0121885	0.0103341	3.87341e-05	2.74767e-16	0.0172075	0.01278	0.00987628	2.97447e-06	0.000372093	0.96
36	0.0141242	0.00994385	0.00795693	2.13301e-05	2.70726e-16	0.0139139	0.0102249	0.00814819	2.34584e-06	0.000255694	0.94
37	0.0140073	0.00990819	0.0079113	1.54183e-05	2.7952e-16	0.013816	0.0100092	0.00831622	1.92152e-06	0.000211815	0.98
38	0.0120003	0.00802112	0.00704789	1.58432e-05	2.84225e-16	0.011573	0.00830552	0.0069691	1.40082e-06	0.000200805	0.98
39	0.0117024	0.00820289	0.00654711	1.49316e-05	2.80958e-16	0.0109966	0.00813537	0.00633612	1.49177e-06	0.000188431	0.96
40	0.0114379	0.00810726	0.00644582	1.37434e-05	2.88334e-16	0.0110767	0.00831197	0.00627592	1.00667e-06	0.000180722	0.98
41	0.00941302	0.0066427	0.00531043	8.89032e-06	2.86953e-16	0.00903158	0.00665499	0.00525589	8.27386e-07	0.000137048	1
42	0.00846781	0.00589794	0.00480424	8.92659e-06	2.87243e-16	0.00826844	0.00607716	0.00491212	5.48053e-07	0.000130803	0.94
43	0.0087363	0.00609086	0.00496868	1.14153e-05	2.80053e-16	0.00843289	0.00626163	0.00486326	5.47087e-07	0.000130935	0.96
44	0.00644605	0.0043778	0.00378794	4.15507e-06	2.77381e-16	0.006481	0.00467815	0.00393302	3.64286e-07	9.80425e-05	0.94
45	0.00670036	0.00474565	0.00379571	5.24621e-06	2.78675e-16	0.00658181	0.00492259	0.00377544	2.93958e-07	9.10774e-05	1
46	0.00623063	0.00439519	0.00348414	4.63359e-06	2.82443e-16	0.00615678	0.00452245	0.00360799	2.45137e-07	9.08889e-05	0.98
47	0.00646928	0.00457351	0.00351743	7.93876e-06	2.78522e-16	0.00609604	0.00465129	0.00331505	2.12363e-07	9.47769e-05	0.96
48	0.00428669	0.00297719	0.00244939	2.00955e-06	2.83135e-16	0.00415314	0.00302538	0.00245027	1.34383e-07	5.48849e-05	0.98
49	0.00357382	0.00250033	0.00199299	1.36383e-06	2.77696e-16	0.00375185	0.0026445	0.00226245	1.02136e-06	5.18554e-05	0.94
50	0.00332291	0.00225628	0.00192624	1.18263e-06	2.81987e-16	0.00323384	0.00231244	0.00198453	8.75937e-08	4.27469e-05	0.94
51	0.00309171	0.0021544	0.00177384	1.12843e-06	2.80241e-16	0.00294121	0.00215149	0.0017365	6.21573e-08	3.75663e-05	1
52	0.0032773	0.00236486	0.00176227	1.34025e-06	2.79465e-16	0.00319048	0.00240878	0.00178171	5.27338e-08	3.82044e-05	0.98
53	0.00240541	0.0016867	0.00138338	7.00619e-07	2.79545e-16	0.00229608	0.00171523	0.00132039	3.04621e-08	2.9821e-05	0.98
54	0.00191184	0.00134253	0.00107209	4.8751e-07	2.89409e-16	0.00180567	0.00132818	0.00107447	2.24185e-08	2.20792e-05	0.9
55	0.00185071	0.00130928	0.00104617	3.91813e-07	2.79768e-16	0.00181884	0.00137299	0.00103864	1.69797e-08	2.1176e-05	0.96
56	0.000982196	0.000672533	0.00056608	1.40128e-07	2.83461e-16	0.000930268	0.000675918	0.00056568	6.82141e-09	1.23619e-05	0.96
57	0.000939138	0.000664187	0.000528191	1.02354e-07	2.80183e-16	0.000904414	0.000676918	0.00051817	4.42335e-09	9.98462e-06	0.98
58	0.000635145	0.000443813	0.00036477	6.31745e-08	2.81055e-16	0.000590576	0.000445888	0.000333839	1.76111e-09	6.85494e-06	0.9
59	0.000259449	0.000183457	0.000147206	6.49628e-09	2.81551e-16	0.000252722	0.000185123	0.00015104	3.84383e-10	2.73484e-06	0.96
60	7.82751e-09	4.69973e-09	4.86345e-09	1.1936e-16	2.76687e-16	2.12969e-08	1.12036e-08	1.4522e-08	7.24879e-16	4.69058e-10	1
61	0.000226108	0.000156823	0.000132349	6.74606e-09	2.79705e-16	0.000217594	0.000160952	0.000128219	3.19682e-10	2.53054e-06	0.96
62	0.000574946	0.000390484	0.000343261	3.90812e-08	2.7034e-16	0.000581481	0.000412368	0.000337311	8.39268e-08	7.04345e-06	0.9
63	0.000823852	0.000589073	0.000458483	6.33264e-08	2.71519e-16	0.00078568	0.000598113	0.000443063	3.23622e-09	7.23409e-06	0.94
64	0.00106419	0.00076058	0.000591025	1.76287e-07	2.76714e-16	0.00102983	0.000808146	0.000552612	6.01554e-09	1.1562e-05	0.92
65	0.00111472	0.000785961	0.000628106	1.90592e-07	2.84605e-16	0.00106866	0.000775979	0.000639319	2.82309e-08	1.04418e-05	0.94
66	0.0016096	0.00114475	0.000922899	2.48311e-07	2.81297e-16	0.00155593	0.00114735	0.00092978	1.30803e-08	1.42157e-05	1
67	0.00169079	0.00120456	0.000945321	3.04655e-07	2.80426e-16	0.00154856	0.00118948	0.000856458	1.51833e-08	1.40303e-05	1
68	0.00184799	0.00130443	0.00104302	3.57491e-07	2.85559e-16	0.0018179	0.00133341	0.00107457	1.89654e-08	1.37128e-05	0.94
69	0.00178448	0.00124042	0.00107888	2.66234e-07	2.79022e-16	0.00171928	0.00124315	0.00105288	2.0399e-08	1.24498e-05	1
70	0.00246251	0.00171603	0.00141947	1.44204e-06	2.75972e-16	0.00218415	0.00162442	0.00126023	2.61299e-08	2.18466e-05	0.9
71	0.00231464	0.00163801	0.00133023	4.04327e-07	2.83677e-16	0.00222995	0.00165891	0.00126496	3.17603e-08	1.57958e-05	1
72	0.00274909	0.0019112	0.00160609	1.1042e-06	2.78213e-16	0.00252594	0.00188886	0.0014454	3.58699e-08	2.22162e-05	1
73	0.00277418	0.0019141	0.00163337	1.17035e-06	2.80669e-16	0.00259928	0.00188838	0.00157955	3.67184e-08	1.80046e-05	0.98
74	0.00277091	0.0018852	0.00162145	1.54448e-06	2.73383e-16	0.00248422	0.00181292	0.00147349	3.77001e-08	2.35513e-05	1
75	0.0030073	0.0021274	0.00173786	7.03371e-07	2.78237e-16	0.00293422	0.00216117	0.00171761	5.58505e-08	2.12163e-05	0.94
76	0.0039613	0.00281024	0.00220639	2.01942e-06	2.8344e-16	0.00369426	0.00271378	0.00216293	6.7253e-08	2.77504e-05	0.96
77	0.00340293	0.00238131	0.00198998	9.65901e-07	2.82985e-16	0.0031664	0.00232537	0.00182226	6.59099e-08	2.29231e-05	0.94
78	0.00307008	0.00203466	0.00188832	1.03957e-06	2.83802e-16	0.00293606	0.00204693	0.00187777	6.39265e-08	2.45424e-05	0.98
79	0.00368739	0.0025163	0.00225042	1.29868e-06	2.85301e-16	0.00348261	0.00246557	0.00218007	8.70631e-08	2.27462e-05	0.98
80	0.00402967	0.002774	0.00237877	1.7286e-06	2.7797e-16	0.0038087	0.00271907	0.00230064	7.8399e-08	2.31933e-05	0.98
81	0.00369049	0.00242362	0.00227943	2.24181e-06	2.85392e-16	0.00336457	0.00238981	0.00204742	9.06726e-08	2.68211e-05	1
82	0.0042658	0.00297332	0.00246096	1.22306e-06	2.86393e-16	0.004101	0.00301396	0.00238221	1.01262e-07	2.27703e-05	1
83	0.00347155	0.00231484	0.00214345	1.04568e-06	2.7483e-16	0.00334986	0.00232754	0.00210989	8.80582e-08	2.37928e-05	0.94
84	0.00499245	0.00343704	0.00295383	2.25869e-06	2.85622e-16	0.00471167	0.00347592	0.00274816	1.17014e-07	2.88831e-05	0.96
85	0.00399205	0.00267569	0.00240365	1.98471e-06	2.84051e-16	0.00376389	0.0027108	0.00226812	1.21641e-07	3.20164e-05	0.98
86	0.00500741	0.0033776	0.00297387	2.25794e-06	2.83574e-16	0.00466577	0.0033458	0.00285312	1.69082e-07	3.27457e-05	0.98
87	0.00580454	0.00373429	0.00350557	1.38144e-05	2.81621e-16	0.00496397	0.00360154	0.00287978	1.88995e-07	4.03632e-05	0.96
88	0.00530439	0.00366406	0.00314571	2.17432e-06	2.80619e-16	0.00499558	0.00361348	0.00300922	1.60045e-07	3.10908e-05	0.96
89	0.00620123	0.00412599	0.00385873	5.20592e-06	2.83566e-16	0.00566647	0.00403731	0.00347396	2.02325e-07	3.73123e-05	0.96
90	0.0071352	0.00486723	0.00431725	6.05189e-06	2.78767e-16	0.00676502	0.00494385	0.00399454	1.92035e-07	4.08331e-05	0.96
91	0.0056484	0.00365269	0.0036254	2.92102e-06	2.83416e-16	0.00556153	0.0037515	0.00365907	2.11388e-07	3.12013e-05	0.98
92	0.00567306	0.00385751	0.00344041	2.0144e-06	2.76074e-16	0.00543769	0.0038719	0.00328952	1.88145e-07	3.03971e-05	1
93	0.00687454	0.00475401	0.0040455	6.04134e-06	2.83544e-16	0.00655537	0.00479158	0.00383834	2.13051e-07	3.7969e-05	0.94
94	0.00554516	0.00359688	0.00349233	2.66958e-06	2.86531e-16	0.00531168	0.0036103	0.00343338	2.07317e-07	3.26289e-05	0.98
95	0.00648869	0.00426773	0.00403564	6.12397e-06	2.75969e-16	0.00608721	0.00420375	0.00386766	2.52388e-07	4.00534e-05	0.98
96	0.00590513	0.00389811	0.00367173	5.34345e-06	2.76262e-16	0.00558284	0.00393903	0.00344146	2.56108e-07	3.8409e-05	0.96
97	0.00682006	0.00454172	0.00428516	5.22286e-06	2.84777e-16	0.00634685	0.00454018	0.00393277	2.66534e-07	4.12824e-05	0.96
98	0.00715422	0.00479738	0.00438286	7.16382e-06	2.81431e-16	0.00685047	0.00501831	0.00406947	2.94062e-07	3.9165e-05	1
99	0.0288587	0.0142625	0.0193581	0.00587394	2.82978e-16	0.0264794	0.015432	0.018413	0.00140373	0.000249146	0.96
100	0.00649104	0.00429584	0.00396157	3.44624e-06	2.86966e-16	0.00607647	0.00431321	0.00369578	3.04508e-07	3.42066e-05	0.98
101	0.0079006	0.00502125	0.00487292	9.2833e-06	2.77953e-16	0.00735308	0.00491725	0.00472928	3.85551e-07	4.71524e-05	0.96
102	0.00720621	0.00481261	0.00443545	4.38052e-06	2.7666e-16	0.00686388	0.00481269	0.0042659	4.50413e-07	3.73628e-05	0.94
103	0.00690082	0.00453506	0.0043625	5.81242e-06	2.71765e-16	0.00640646	0.00441981	0.00408932	3.55915e-07	3.02056e-05	1
104	0.00678597	0.00414699	0.00453517	4.42166e-06	2.88793e-16	0.00656505	0.00427264	0.00440369	4.0877e-07	3.5538e-05	0.96
105	0.00951174	0.00630114	0.00565293	1.43569e-05	2.77014e-16	0.0088391	0.00640054	0.00522666	5.05135e-07	5.91968e-05	0.94
106	0.0104832	0.00702164	0.00641124	9.50976e-06	2.77774e-16	0.00958637	0.00682261	0.00585611	4.78635e-07	5.00086e-05	0.96
107	0.0105137	0.00691485	0.00653202	1.83917e-05	2.75774e-16	0.00964846	0.00692384	0.00582225	5.28893e-07	6.00467e-05	0.9
108	0.00924904	0.00596821	0.0059774	7.95605e-06	2.79536e-16	0.00882255	0.00597678	0.00576508	5.21293e-07	4.41768e-05	0.96
109	0.00987282	0.00620249	0.00620891	1.93691e-05	2.78379e-16	0.00920422	0.00614594	0.00607274	6.06589e-07	5.74853e-05	0.92
110	0.0113814	0.00755545	0.00703132	1.26794e-05	2.75764e-16	0.0108666	0.00756226	0.00684445	6.85413e-07	5.36358e-05	0.98
111	0.0107504	0.00715623	0.00669403	1.52494e-05	2.78307e-16	0.0103201	0.00719816	0.00658964	7.15551e-07	5.14e-05	0.96
112	0.00718346	0.00471832	0.00453987	4.06963e-06	2.801e-16	0.00697309	0.0047424	0.00443967	4.88939e-07	3.08972e-05	0.9
113	0.0095255	0.006086	0.00613141	9.08743e-06	2.81933e-16	0.00911552	0.00614718	0.00588833	6.94241e-07	4.23562e-05	0.96
114	0.0103997	0.00660928	0.00685821	6.24749e-06	2.82694e-16	0.0103479	0.00669517	0.00695989	6.52986e-07	4.10372e-05	0.96
115	0.0116618	0.00780388	0.00688594	5.08606e-05	2.84253e-16	0.0108826	0.00778576	0.00660776	6.00465e-07	6.10682e-05	0.98
116	0.0112914	0.00748141	0.00691168	1.75683e-05	2.80737e-16	0.0103494	0.00724486	0.00642199	7.70152e-07	5.10477e-05	0.9
117	0.0106713	0.00640516	0.00694694	2.32179e-05	2.8354e-16	0.00945063	0.006325	0.00624285	6.38722e-07	5.70383e-05	0.94
118	0.0103006	0.006364	0.00671973	1.4349e-05	2.69034e-16	0.0093655	0.00622427	0.0061002	6.61862e-07	5.30499e-05	1
119	0.0137739	0.00920022	0.00833058	2.16495e-05	2.82477e-16	0.0132278	0.00934213	0.0080176	7.95059e-07	5.91853e-05	1
120	0.01076	0.0066675	0.00681225	2.14285e-05	2.8211e-16	0.0102869	0.00672827	0.0067867	8.58334e-07	5.90477e-05	0.96
121	0.0126347	0.00814009	0.00779612	3.47337e-05	2.7475e-16	0.0121956	0.00829638	0.00789005	9.33458e-07	6.74702e-05	0.96
122	0.0615866	0.03527	0.0445588	0.00632648	2.67248e-16	0.0605739	0.0355771	0.0438108	0.00458108	0.000249383	1
123	0.0125124	0.00802608	0.00781705	2.0795e-05	2.80471e-16	0.0121391	0.00842375	0.00758257	1.08794e-06	6.29196e-05	0.98
124	0.0141642	0.00896435	0.00908263	1.89102e-05	2.78095e-16	0.0135358	0.00911662	0.00877758	1.14531e-06	6.88326e-05	0.96
125	0.0116458	0.00715524	0.00745646	1.53332e-05	2.79718e-16	0.0109343	0.0072128	0.00720685	8.84966e-07	5.90839e-05	0.98
126	0.0115082	0.00749554	0.00737356	2.92294e-05	2.81284e-16	0.0102837	0.00692764	0.00667119	7.79849e-07	5.18547e-05	0.96
127	0.0130444	0.00876102	0.00805085	1.38737e-05	2.72863e-16	0.012632	0.00867401	0.00806492	1.07841e-06	4.68711e-05	0.98
128	0.0119667	0.00764649	0.0075232	1.68899e-05	2.78966e-16	0.011265	0.00759389	0.00718602	3.52286e-06	5.9733e-05	0.98
129	0.0114153	0.00740369	0.00725051	1.04518e-05	2.76367e-16	0.0112281	0.00752625	0.0073286	9.46988e-07	4.5668e-05	0.96
130	0.0138335	0.00901683	0.00871221	2.17642e-05	2.76744e-16	0.0132692	0.00890995	0.00865552	1.21995e-06	5.46416e-05	0.96
131	0.0167654	0.010976	0.0104613	1.84139e-05	2.76301e-16	0.0162768	0.0112128	0.0102911	1.3953e-06	5.88179e-05	0.96
132	0.0119565	0.00746697	0.00764914	2.03843e-05	2.88235e-16	0.0112434	0.00755889	0.00728264	1.09567e-06	5.719e-05	0.96
133	0.0129833	0.00843367	0.00831202	1.10287e-05	2.83999e-16	0.0132278	0.0088056	0.00882026	1.19512e-06	4.70512e-05	0.98
134	0.017133	0.0110869	0.0111659	3.08384e-05	2.8948e-16	0.0165135	0.010991	0.0108566	1.49256e-06	6.91402e-05	0.96
135	0.015409	0.00953005	0.0100015	2.77953e-05	2.77857e-16	0.0144257	0.00971583	0.00934321	1.51461e-06	7.14834e-05	0.96
136	0.0152597	0.00971976	0.00978621	2.06885e-05	2.87913e-16	0.0140456	0.00947073	0.00906014	1.58668e-06	5.96757e-05	0.98
137	0.017353	0.0114172	0.0105882	3.94238e-05	2.82451e-16	0.0161358	0.0111383	0.0101819	1.4305e-06	7.45762e-05	0.94
138	0.0132537	0.00840177	0.00844155	2.04513e-05	2.75215e-16	0.0126158	0.00852973	0.00810703	1.32214e-06	5.98209e-05	0.98
139	0.0164147	0.010173	0.010569	4.69657e-05	2.80385e-16	0.0144948	0.0102002	0.008908	1.72905e-06	7.27483e-05	0.96
140	0.0191385	0.0120699	0.0123189	6.36347e-05	2.83443e-16	0.0174123	0.0117484	0.0112477	2.05834e-06	8.98374e-05	0.96
141	0.0123079	0.00751813	0.00811398	1.53972e-05	2.84353e-16	0.011878	0.00737207	0.00830024	1.43856e-06	5.45597e-05	0.96
142	0.0158791	0.00969224	0.0101056	9.53706e-05	2.82496e-16	0.014415	0.00976375	0.00929495	1.5728e-06	7.94214e-05	1
143	0.0162329	0.010677	0.0100614	3.12095e-05	2.85769e-16	0.0150443	0.0103135	0.00964134	1.70682e-06	6.22981e-05	1
144	0.0190077	0.0123914	0.011985	3.62123e-05	2.86425e-16	0.0189163	0.012794	0.0121592	1.91349e-06	7.13641e-05	0.98
145	0.0176068	0.0115231	0.0111502	2.02333e-05	2.78626e-16	0.0172113	0.0116666	0.0111138	1.74196e-06	5.37484e-05	0.98
146	0.0208185	0.0138247	0.0124343	8.89185e-05	2.83053e-16	0.0198808	0.013902	0.0122087	3.53939e-05	8.98768e-05	0.96
147	0.0172606	0.0115032	0.0106384	2.90552e-05	2.83894e-16	0.0166987	0.0113951	0.010632	2.16348e-06	6.56406e-05	0.96
148	0.0159342	0.0104482	0.00997533	2.16516e-05	2.89625e-16	0.0152639	0.0102914	0.00980027	2.08152e-06	5.51741e-05	0.94
149	0.0171529	0.0110129	0.0109508	2.55761e-05	2.84678e-16	0.0165437	0.011069	0.0107475	2.08019e-06	6.14845e-05	0.96
150	0.0209444	0.0134396	0.0131757	3.87604e-05	2.84209e-16	0.0203524	0.0134813	0.0132669	2.52684e-06	6.949e-05	0.98
151	0.0231094	0.0143311	0.0150964	5.73253e-05	2.8126e-16	0.0228353	0.0149555	0.0152606	2.73967e-06	9.17454e-05	0.98
152	0.0172437	0.01077	0.0112723	7.70641e-05	2.79897e-16	0.0165019	0.0108392	0.0110404	2.14395e-06	6.95622e-05	0.98
153	0.0172982	0.011014	0.010841	4.53685e-05	2.80129e-16	0.0157917	0.01073	0.0101496	2.21059e-06	7.07572e-05	0.98
154	0.0198785	0.0126787	0.012847	3.40873e-05	2.87111e-16	0.0189768	0.0125055	0.0125216	2.12442e-06	6.83921e-05	0.96
155	0.0173545	0.0109038	0.0111262	4.21195e-05	2.84204e-16	0.0169388	0.0115047	0.010793	2.50105e-06	6.85155e-05	0.98
156	0.0215791	0.0140822	0.0138025	6.63896e-05	2.69512e-16	0.0204908	0.0140486	0.0132894	2.91478e-06	7.00738e-05	0.94
157	0.0211959	0.0134315	0.0134631	5.36088e-05	2.92155e-16	0.0208645	0.0140143	0.0136211	2.90279e-06	7.84146e-05	0.98
158	0.0218682	0.0138908	0.0141715	6.93439e-05	2.84802e-16	0.0206585	0.0134969	0.0137157	2.50998e-06	6.14172e-05	0.96
159	0.0207655	0.0128168	0.0134894	5.63888e-05	2.85901e-16	0.0193394	0.0125735	0.0128269	2.75091e-06	8.2591e-05	1
160	0.0187634	0.0118471	0.0125001	2.48022e-05	2.71557e-16	0.0186162	0.0121389	0.0125887	2.2787e-06	5.9243e-05	0.98
161	0.0271565	0.0177076	0.0174936	4.89692e-05	2.81624e-16	0.0262454	0.0175093	0.01706	2.98939e-06	7.48812e-05	0.98
162	0.0240579	0.0154945	0.015201	5.55904e-05	2.87227e-16	0.0233454	0.0157533	0.0152075	2.87835e-06	7.71024e-05	0.98
163	0.0231486	0.0143795	0.015167	7.57309e-05	2.75971e-16	0.0220901	0.0145666	0.0148506	3.00711e-06	7.59737e-05	0.98
164	0.0228335	0.0137882	0.0151603	8.6265e-05	2.83897e-16	0.0223	0.0145749	0.0149296	2.91126e-06	9.98405e-05	0.98
165	0.0207491	0.0127442	0.0136733	4.01042e-05	2.89079e-16	0.0194245	0.0127977	0.0128112	3.0046e-06	6.60505e-05	0.94
166	0.0240465	0.0147476	0.0157527	6.45315e-05	2.89382e-16	0.0233979	0.0150417	0.0157869	3.36607e-06	9.2049e-05	0.98
167	0.0214433	0.0131999	0.0142614	5.9741e-05	2.80779e-16	0.0197658	0.0131454	0.0131429	2.82087e-06	7.10048e-05	0.94
168	0.0251373	0.0156997	0.0167012	6.00541e-05	2.86516e-16	0.0239833	0.0155798	0.0162625	5.33559e-06	8.035e-05	1
169	0.0259429	0.0159711	0.0167085	0.000124683	2.85342e-16	0.0247985	0.0162367	0.0165888	2.92047e-06	0.000104735	0.96
170	0.0214733	0.0139311	0.0135912	3.73334e-05	2.82767e-16	0.0205916	0.0140735	0.013027	3.12251e-06	6.50875e-05	0.96
171	0.0314338	0.0196464	0.0201147	0.000264593	2.81863e-16	0.0298342	0.0196361	0.0197009	3.95116e-06	0.000113783	0.98
172	0.0256653	0.0164524	0.0167548	4.07713e-05	2.89862e-16	0.0254403	0.0168195	0.0171395	3.52282e-06	7.83797e-05	1
173	0.0272734	0.0170839	0.0181853	6.59661e-05	2.82123e-16	0.0263254	0.0175437	0.0175131	4.22316e-06	8.13068e-05	0.96
174	0.0220235	0.0145839	0.0134925	4.55978e-05	2.77137e-16	0.0212603	0.0147739	0.0132777	3.95244e-06	7.55905e-05	0.98
175	0.0211951	0.0134625	0.0134485	4.4463e-05	2.85901e-16	0.0210495	0.0140662	0.0136436	3.74251e-06	6.54151e-05	0.96
176	0.0253761	0.0163371	0.016082	0.000119855	2.89753e-16	0.0241346	0.0163891	0.0158144	3.65063e-06	8.76459e-05	0.98
177	0.0221952	0.0141861	0.0141888	5.03762e-05	2.77568e-16	0.0213174	0.0144228	0.0137359	3.49661e-06	7.59714e-05	0.94
178	0.0261406	0.0164898	0.0168786	8.89749e-05	2.8155e-16	0.0234456	0.0154512	0.0155977	3.64134e-06	9.54903e-05	0.98
179	0.0228612	0.0139781	0.0151609	8.79113e-05	2.75062e-16	0.0214449	0.0138193	0.0146267	3.92976e-06	7.98874e-05	0.96
180	0.0294365	0.0190497	0.0184452	0.000114046	2.80219e-16	0.0278694	0.0191508	0.0178331	4.18615e-06	9.09338e-05	0.96
181	0.0248715	0.0161287	0.0159671	5.47601e-05	2.83704e-16	0.0238955	0.0161958	0.0154374	2.98051e-06	6.98362e-05	0.98
182	0.024149	0.0150074	0.0154895	5.6584e-05	2.80852e-16	0.0236915	0.0153374	0.0158702	4.14239e-06	7.40608e-05	0.96
183	0.0280426	0.016923	0.0185211	0.000157931	2.82628e-16	0.0265033	0.0170191	0.018129	3.95952e-06	0.000104537	0.94
184	0.0247113	0.0152051	0.0160671	0.00011421	2.90387e-16	0.0233728	0.0155295	0.015383	4.01434e-06	9.16868e-05	0.92
185	0.025205	0.0151943	0.0163582	0.000168194	2.72552e-16	0.0234361	0.015333	0.0157229	4.24217e-06	9.7515e-05	0.98
186	0.0261306	0.016383	0.0166974	0.000151779	2.7688e-16	0.0263596	0.0166176	0.0176993	0.00018132	0.000112924	0.94
187	0.023636	0.0150128	0.0152337	5.21893e-05	2.78826e-16	0.0226768	0.0153247	0.0146372	3.80752e-06	6.56243e-05	0.98
188	0.0297054	0.0185375	0.0195493	8.32125e-05	2.8097e-16	0.0289375	0.0190629	0.0194189	4.76843e-06	8.56274e-05	0.98
189	0.0279771	0.0180216	0.0182409	4.84725e-05	2.77735e-16	0.0283136	0.0187263	0.0189373	4.15768e-06	7.06939e-05	0.98
190	0.0288915	0.017902	0.0191033	0.000104343	2.81068e-16	0.0282308	0.0184793	0.0191478	4.68895e-06	9.93343e-05	0.96
191	0.0287413	0.018734	0.0182553	8.26268e-05	2.77352e-16	0.0276068	0.0186978	0.0178631	4.71003e-06	8.09777e-05	0.98
192	0.0270732	0.0168014	0.0169258	0.00015436	2.83599e-16	0.0255286	0.0169482	0.0168113	4.5008e-06	0.000101024	0.96
193	0.0250645	0.0152373	0.0167686	8.64088e-05	2.80831e-16	0.024033	0.0155698	0.0163882	4.01575e-06	8.66011e-05	0.98
194	0.0309965	0.0200931	0.0193784	0.000132477	2.84501e-16	0.0289175	0.0196307	0.0184994	7.15505e-06	9.75792e-05	0.96
195	0.038365	0.0240181	0.0247995	0.000197611	2.90545e-16	0.0371404	0.0242491	0.0249217	5.98145e-06	0.000116172	0.98
196	0.0263985	0.0170606	0.0168211	5.16494e-05	2.86333e-16	0.0259446	0.0175702	0.0170111	4.66272e-06	7.61407e-05	0.96
197	0.0248817	0.0157206	0.0162701	5.36868e-05	2.86088e-16	0.0243525	0.0162372	0.0158759	4.9791e-06	6.49905e-05	1
198	0.0300735	0.0183925	0.0202306	6.84026e-05	2.83672e-16	0.0282606	0.0179852	0.0192757	5.78574e-06	8.38892e-05	0.96
199	0.0317555	0.0203823	0.0200552	0.000118536	2.80076e-16	0.0300371	0.0204312	0.0192049	5.66765e-06	9.18462e-05	1
200	0.0417335	0.0271892	0.0264959	0.00036713	2.78768e-16	0.0390936	0.0265343	0.0252625	7.10924e-06	0.00011204	0.96
201	0.0336322	0.0220285	0.0210404	0.000172367	2.88367e-16	0.0319389	0.0216155	0.0211209	4.85129e-06	0.000105365	0.94
202	0.024285	0.015363	0.0158	5.14662e-05	2.82305e-16	0.0236884	0.0152278	0.0161712	6.16166e-06	6.74482e-05	0.96
203	0.0322642	0.0203745	0.0205893	9.90959e-05	2.81359e-16	0.0307017	0.0201535	0.0201124	6.8661e-06	8.63214e-05	0.92
204	0.0348539	0.021586	0.0226146	0.000137381	2.72244e-16	0.0342292	0.0220646	0.0229502	7.55502e-06	9.76579e-05	0.94
205	0.0320688	0.020843	0.0203684	8.13278e-05	2.76274e-16	0.03091	0.0208923	0.0199084	6.48473e-06	8.1392e-05	0.94
206	0.0370812	0.0232223	0.0247448	0.000101178	2.75493e-16	0.0354753	0.0230856	0.0239964	6.83616e-06	9.16911e-05	0.96
207	0.0380764	0.0239898	0.025204	0.000150025	2.7839e-16	0.037349	0.0242456	0.025268	5.81803e-06	0.000107784	0.94
208	0.0349016	0.0217293	0.0221961	0.0001962	2.80786e-16	0.0319939	0.0213085	0.021114	5.83739e-06	0.000112104	0.94
209	0.029888	0.0187295	0.0194664	0.000114812	2.8525e-16	0.0279059	0.0187688	0.0182208	5.25741e-06	7.9751e-05	0.96
210	0.0361447	0.0222858	0.0241796	0.00011523	2.76228e-16	0.0355956	0.0226937	0.0245965	6.05334e-06	8.27399e-05	0.98
211	0.0303294	0.0196199	0.0187227	0.000161444	2.85402e-16	0.0280723	0.0194105	0.0175999	5.94987e-06	9.29396e-05	0.98
212	0.030708	0.0193482	0.0196715	0.000109155	2.82277e-16	0.0290701	0.0193939	0.0191217	6.3322e-06	8.23411e-05	0.94
213	0.0334134	0.0209022	0.0223134	8.37544e-05	2.84885e-16	0.0328818	0.0209106	0.0226938	6.37737e-06	7.48736e-05	0.96
214	0.0293294	0.0182718	0.0194192	7.18571e-05	2.80184e-16	0.0282263	0.0181765	0.0192014	6.22836e-06	6.78073e-05	1
215	0.0354056	0.0217699	0.0232371	0.000115972	2.78484e-16	0.0341257	0.022015	0.0230627	6.48149e-06	0.000100746	0.94
216	0.0352129	0.022782	0.0222886	0.000241816	2.83601e-16	0.0336936	0.0226514	0.0221083	6.15476e-06	0.000101714	0.98
217	0.0334436	0.0217471	0.0218863	9.69094e-05	2.78709e-16	0.0323004	0.0214115	0.0217303	7.06705e-06	7.10611e-05	0.98
218	0.0329116	0.0211853	0.0206852	0.000128425	2.79954e-16	0.0324573	0.021566	0.0213001	6.57774e-06	9.24889e-05	0.92
219	0.0420434	0.0265659	0.0267426	0.000244368	2.82925e-16	0.039184	0.0259342	0.0259062	7.59007e-06	0.000124423	0.96
220	0.0329488	0.019192	0.0220711	0.000158013	2.71055e-16	0.031228	0.0199064	0.0212737	6.93537e-06	0.000103652	1
221	0.033395	0.0220261	0.0203755	0.000117442	2.88214e-16	0.0324032	0.0220291	0.0207538	7.72466e-06	8.97304e-05	1
222	0.0383713	0.0229685	0.0254686	0.000257312	2.78973e-16	0.0368029	0.023415	0.0251519	6.57203e-06	0.000113211	0.92
223	0.0369363	0.0229174	0.0238593	0.000225848	2.7402e-16	0.0352067	0.0238496	0.0229963	7.36196e-06	0.000103087	0.98
224	0.0293553	0.0183305	0.0187342	0.0001047	2.742e-16	0.0281473	0.0185096	0.0186594	6.07157e-06	8.03248e-05	1
225	0.0375332	0.0245848	0.0237883	0.000146368	2.82029e-16	0.0367174	0.0250399	0.0239111	7.4097e-06	9.19017e-05	1
226	0.0329553	0.0210838	0.0211806	0.000105439	2.80646e-16	0.031159	0.0207385	0.0208558	6.54787e-06	8.35206e-05	0.98
227	0.0427381	0.0264389	0.0285774	0.000135043	2.81166e-16	0.0414904	0.0260516	0.0286453	8.18348e-06	8.65125e-05	0.96
228	0.045249	0.0298538	0.0281579	0.000217389	2.85368e-16	0.0438015	0.0300495	0.0282348	7.72244e-06	0.000116608	0.98
229	0.0305801	0.019247	0.0198381	0.000112185	2.84481e-16	0.0294269	0.0194818	0.0195833	7.71432e-06	7.45548e-05	0.98
230	0.0458829	0.0304611	0.0286058	0.000220631	2.73746e-16	0.0433254	0.0306591	0.0266319	8.93224e-06	0.000111913	0.98
231	0.045303	0.0278945	0.0298435	0.000287934	2.85729e-16	0.0422405	0.0279666	0.0278586	9.1346e-06	0.000114612	0.94
232	0.0311405	0.0192437	0.0205656	9.03029e-05	2.7975e-16	0.0301669	0.0194654	0.0204747	7.79176e-06	7.94817e-05	0.98
233	0.0332501	0.0221325	0.0205625	8.12068e-05	2.78721e-16	0.0322289	0.0223072	0.0204079	7.3624e-06	7.12924e-05	0.96
234	0.042166	0.0274103	0.0260742	0.00017303	2.76454e-16	0.0398177	0.027391	0.0252093	8.76335e-06	0.000105494	1
235	0.0401901	0.0245112	0.0264102	0.00034594	2.75715e-16	0.0386794	0.0244596	0.026762	9.35463e-06	0.000113403	0.96
236	0.043819	0.0289589	0.0268684	0.000323307	2.79592e-16	0.041524	0.0291266	0.0258287	1.07176e-05	0.000109103	0.98
237	0.0398522	0.0254539	0.0254001	0.000185031	2.74994e-16	0.0379436	0.0253465	0.0250848	8.77298e-06	0.000103825	0.96
238	0.0357592	0.0226849	0.0228455	0.000143672	2.76522e-16	0.0340362	0.0223949	0.0226794	8.19575e-06	8.83756e-05	0.9
239	0.034619	0.0219788	0.0221053	0.000169671	2.78812e-16	0.0326501	0.0218828	0.0213357	7.77947e-06	8.57217e-05	0.96
240	0.031292	0.0194742	0.0203489	9.21959e-05	2.79057e-16	0.0303201	0.0196433	0.0202439	7.02892e-06	7.8055e-05	1
241	0.058414	0.0351348	0.0392982	0.00186957	2.75236e-16	0.045851	0.0319987	0.0285424	1.45698e-05	0.000197034	0.98
242	0.0429579	0.0277446	0.0273227	0.00015385	2.8583e-16	0.0419486	0.0282987	0.02698	8.96284e-06	0.000100013	1
243	0.0369665	0.0239994	0.0236475	0.000113774	2.76e-16	0.0353002	0.0239898	0.0227831	9.7348e-06	8.19464e-05	0.96
244	0.0432235	0.0289063	0.0269154	0.000169868	2.7259e-16	0.0417139	0.0291586	0.0262597	9.24125e-06	9.16521e-05	0.94
245	0.0379405	0.0239988	0.024913	0.000113418	2.85578e-16	0.0370854	0.0240154	0.0252407	7.64308e-06	8.68721e-05	0.9
246	0.03891	0.0228082	0.0269825	0.000172544	2.7756e-16	0.0378362	0.0229252	0.027167	9.54433e-06	9.19748e-05	1
247	0.0380583	0.0233723	0.0251703	0.000109746	2.74624e-16	0.0371261	0.0234929	0.0254622	1.10016e-05	8.00283e-05	0.94
248	0.0473249	0.0300018	0.0311284	0.00012681	2.79896e-16	0.0480679	0.0319755	0.0319401	9.95969e-06	9.55948e-05	1
249	0.033436	0.0206898	0.0219347	0.000131634	2.81541e-16	0.0311861	0.0201544	0.0210996	8.88759e-06	7.40038e-05	0.98
250	0.0443242	0.027614	0.0289	0.000221616	2.85847e-16	0.0424553	0.0277897	0.0283232	9.914e-06	0.000106711	1
251	0.0515281	0.0337523	0.0318834	0.000316724	2.83635e-16	0.0495604	0.0340856	0.031537	1.15805e-05	0.000122659	0.96
252	0.0441052	0.0270376	0.0285638	0.000302682	2.77389e-16	0.0420648	0.0279827	0.0273565	1.11632e-05	0.000126398	0.94
253	0.0522637	0.0313582	0.0344181	0.000316072	2.81042e-16	0.0476176	0.0305741	0.0320794	1.15833e-05	0.000127745	0.92
254	0.0460665	0.028411	0.0302007	0.000220467	2.79921e-16	0.0441945	0.0291187	0.0290559	1.05894e-05	0.000105335	0.98
255	0.0418368	0.0264995	0.0267178	0.000301585	2.7512e-16	0.0396491	0.0261804	0.0262322	9.49551e-06	0.000110224	0.96
256	0.0384993	0.024333	0.0253483	0.000128759	2.73907e-16	0.0366551	0.0238829	0.0246669	9.27263e-06	8.63495e-05	0.92
257	0.0491357	0.0310266	0.0318234	0.000273098	2.72396e-16	0.0469308	0.0308921	0.0311814	1.21266e-05	0.000102185	0.96
258	0.0449908	0.0282925	0.0279595	0.000619856	2.82875e-16	0.0427673	0.0282102	0.0282789	1.11459e-05	0.000134523	0.96
259	0.0349481	0.0219983	0.0222578	0.000158756	2.8018e-16	0.0333798	0.0224898	0.0216587	9.2548e-06	8.76083e-05	1
260	0.0463654	0.0286992	0.0300472	0.000475685	2.89452e-16	0.0437179	0.0286639	0.0294749	1.14581e-05	0.000111759	0.98
261	0.0494424	0.0315057	0.031541	0.000237845	2.86159e-16	0.0487362	0.0315609	0.0326151	1.17418e-05	0.000125456	0.96
262	0.0424633	0.026297	0.027138	0.000255586	2.88504e-16	0.0408842	0.0268471	0.0273967	9.83679e-06	0.000120357	0.96
263	0.0428676	0.0272427	0.0274904	0.000204922	2.84866e-16	0.042218	0.0278476	0.0276659	1.1269e-05	9.26884e-05	0.98
264	0.0497408	0.0326745	0.0311823	0.000188979	2.72034e-16	0.049048	0.0328473	0.0319546	1.41895e-05	9.67121e-05	0.98
265	0.0395454	0.0254895	0.024941	0.000152333	2.79497e-16	0.0388715	0.0261482	0.0254378	1.22166e-05	7.97191e-05	0.96
266	0.0499492	0.0333384	0.0314605	0.000150067	2.8003e-16	0.0488349	0.0332445	0.031242	1.19887e-05	8.66607e-05	0.98
267	0.0506227	0.0313438	0.0340459	0.000284519	2.75572e-16	0.0468008	0.0305826	0.0317623	1.4394e-05	0.000112753	1
268	0.0523062	0.0325712	0.0340318	0.000826451	2.75927e-16	0.0466055	0.0310288	0.0306777	1.26362e-05	0.000129522	0.92
269	0.0371017	0.0238323	0.0231424	0.000214399	2.89015e-16	0.036701	0.0240369	0.0244445	1.02249e-05	0.00010079	1
270	0.0416034	0.0267641	0.0262129	0.000181709	2.81709e-16	0.0388784	0.0266014	0.0244973	1.12952e-05	8.53223e-05	0.94
271	0.0484107	0.0301931	0.0312873	0.000327809	2.94261e-16	0.0470252	0.0311215	0.0311435	1.30558e-05	0.000110002	0.98
272	0.0492913	0.0298414	0.031575	0.00122552	2.87558e-16	0.0448447	0.0296823	0.029779	1.31415e-05	0.000128543	0.94
273	0.0445472	0.0273009	0.0295724	0.000197206	2.752e-16	0.0425496	0.0273583	0.0291953	1.13102e-05	9.82541e-05	0.92
274	0.0442135	0.0286446	0.0285642	0.000140592	2.75804e-16	0.0433405	0.0293372	0.0281545	1.26448e-05	7.74962e-05	0.98
275	0.0601463	0.0372732	0.0364464	0.00508812	2.84692e-16	0.0499183	0.0327762	0.0334645	1.45231e-05	0.00016133	0.98
276	0.0488589	0.0315293	0.0308293	0.000182469	2.89321e-16	0.0500762	0.0329553	0.0334031	1.18842e-05	0.000103924	0.96
277	0.0494919	0.0307389	0.0318783	0.000371232	2.81096e-16	0.0468295	0.03114	0.0309028	1.30778e-05	0.000119491	0.96
278	0.0539209	0.0337984	0.0354076	0.000327721	2.83584e-16	0.0534956	0.035027	0.036232	1.29249e-05	0.00011925	1
279	0.0502284	0.0312238	0.0321193	0.000328925	2.79485e-16	0.0465875	0.0306231	0.0309701	1.19436e-05	0.000116662	0.98
280	0.0369623	0.0226986	0.0246963	0.00014524	2.86858e-16	0.0363047	0.0232115	0.0248276	1.17259e-05	8.07866e-05	1
281	0.0434149	0.0269605	0.0279935	0.000349586	2.79655e-16	0.0429169	0.0282534	0.0288285	1.23708e-05	0.000103738	0.94
282	0.0448968	0.0285192	0.028393	0.000206555	2.78269e-16	0.0425987	0.0289232	0.0271947	1.14712e-05	9.50472e-05	0.94
283	0.0453097	0.0284214	0.0288433	0.000293854	2.80151e-16	0.0426128	0.0291179	0.0269625	1.19269e-05	0.000106139	1
284	0.0487769	0.0302918	0.0310783	0.000574731	2.86582e-16	0.0465919	0.031268	0.0308642	1.59496e-05	0.000106201	0.9
285	0.0594352	0.0362114	0.0382402	0.00121353	2.79914e-16	0.0548119	0.0357312	0.0364586	1.83536e-05	0.000167077	1
286	0.0574448	0.0362945	0.0373014	0.000327928	2.78297e-16	0.0546238	0.0358874	0.0359791	1.68842e-05	9.80933e-05	0.94
287	0.0544317	0.034634	0.0342817	0.000441908	2.82505e-16	0.0517294	0.0361889	0.0322426	1.55363e-05	0.000122165	0.94
288	0.0513519	0.0315117	0.0339383	0.000311284	2.87135e-16	0.0491131	0.0315303	0.0334099	1.35486e-05	0.000104599	0.98
289	0.0605414	0.0363045	0.040523	0.000391262	2.86538e-16	0.0575309	0.0367258	0.0394137	1.65764e-05	0.000120019	0.96
290	0.0536834	0.0345167	0.0341598	0.000280049	2.86374e-16	0.0508506	0.0340502	0.0332091	1.53271e-05	0.000111148	0.96
291	0.0528696	0.0337525	0.0342821	0.000338527	2.94535e-16	0.0527624	0.0343513	0.0358334	1.64951e-05	9.51754e-05	0.98
292	0.0448294	0.0282529	0.0280518	0.000379693	2.77556e-16	0.0441906	0.0293089	0.0294026	1.24555e-05	0.000107989	0.98
293	0.0560022	0.0337603	0.0372337	0.000617324	2.81628e-16	0.0519479	0.0341887	0.0347718	1.73579e-05	0.000147581	0.9
294	0.059533	0.0384101	0.0376645	0.000560828	2.78799e-16	0.0585698	0.0385636	0.0390633	1.76311e-05	0.000126479	0.9
295	0.0575337	0.0373949	0.0365361	0.000242259	2.80109e-16	0.055107	0.0366187	0.0364643	1.54968e-05	8.98816e-05	0.96
296	0.0560232	0.03453	0.0362345	0.000341167	2.76572e-16	0.0555292	0.0362154	0.036761	1.56037e-05	0.000114347	0.94
297	0.0498486	0.0316533	0.0324189	0.000188926	2.88829e-16	0.0488344	0.0327332	0.0319271	1.48917e-05	8.62812e-05	0.96
298	0.0411191	0.0260481	0.0263692	0.000166482	2.87153e-16	0.0409372	0.0270999	0.0270709	1.12171e-05	8.82667e-05	0.96
299	0.0555622	0.0357321	0.0340245	0.000469277	2.87823e-16	0.0544952	0.0363299	0.0356183	1.40169e-05	0.000138518	0.94
