FocalLength	QR_Kcost	QR_Focalcost	QR_PPcost	QR_Skewcost	QR_RRtcost	IAC_Kcost	IAC_Focalcost	IAC_PPcost	IAC_Skewcost	IAC_RRtcost	Rank3Rate
10	0.450543	0.249548	0.269887	0.375034	2.84386e-16	0.130572	0.0817634	0.0789762	0.0023002	0.0585343	0.92
11	0.242333	0.143984	0.14256	0.0279382	2.83682e-16	0.114727	0.0730087	0.0684152	0.00175358	0.0270409	0.96
12	0.130702	0.0772713	0.0780959	0.00593003	2.84374e-16	0.0877042	0.053989	0.0544149	0.00103262	0.0121862	0.96
13	0.160563	0.0956599	0.0949624	0.0132125	2.76635e-16	0.0773728	0.0492081	0.0463421	0.000783138	0.0148938	0.98
14	0.164227	0.0980987	0.0957348	0.017365	2.80008e-16	0.0642814	0.0406799	0.0389322	0.00052798	0.0147895	0.96
15	0.155384	0.0905044	0.0934105	0.0280877	2.79056e-16	0.0538484	0.0340248	0.0326496	0.000369128	0.0130401	0.94
16	0.163951	0.0958834	0.0970686	0.0318583	2.79537e-16	0.0455772	0.0287738	0.0277169	0.000264018	0.0136308	0.96
17	0.139752	0.0828571	0.0841007	0.0330919	2.8152e-16	0.0404759	0.0256278	0.0246674	0.000194511	0.0109106	0.96
18	0.117877	0.0733594	0.0649597	0.0290093	2.82243e-16	0.034844	0.0221007	0.0211306	0.000142581	0.00817481	1
19	0.164929	0.0966969	0.0939959	0.0666924	2.83296e-16	0.0305421	0.0191936	0.0189848	0.000103068	0.0117838	0.94
20	0.0740939	0.0443296	0.0412501	0.00751843	2.81926e-16	0.0245362	0.0155907	0.0150233	6.92157e-05	0.00477012	0.96
21	0.0955903	0.0567307	0.0539129	0.0186422	2.82135e-16	0.0223551	0.0141738	0.0136935	5.37018e-05	0.0060845	0.94
22	0.026969	0.016065	0.0164796	0.000247888	2.81958e-16	0.0193235	0.011904	0.0122927	4.20191e-05	0.00117533	0.98
23	0.066258	0.0383302	0.0396673	0.00519646	2.79511e-16	0.0171146	0.0109128	0.0105843	3.11994e-05	0.00387983	0.94
24	0.0570587	0.0338303	0.0334578	0.00218783	2.78198e-16	0.0149837	0.00947153	0.0093288	2.31766e-05	0.00314854	0.94
25	0.0263105	0.0157492	0.0153414	0.000458868	2.82512e-16	0.0133915	0.00855102	0.00828262	1.80539e-05	0.00123928	0.96
26	0.0315232	0.0187231	0.0184692	0.000878686	2.77512e-16	0.0124027	0.00796015	0.00769284	1.44127e-05	0.00152024	0.98
27	0.0194602	0.0114342	0.0114287	0.000239696	2.82529e-16	0.0102724	0.00653533	0.00634981	1.0905e-05	0.000833045	0.98
28	0.0344393	0.020749	0.0201157	0.00109508	2.8073e-16	0.00906967	0.00578239	0.00561922	8.34035e-06	0.00165522	0.96
29	0.0202381	0.0118938	0.011749	0.00032323	2.76181e-16	0.00812843	0.00521869	0.00502171	6.65262e-06	0.000892652	1
30	0.0137688	0.00820377	0.0079626	0.000110523	2.78043e-16	0.00676859	0.00434194	0.004146	4.81776e-06	0.000549687	0.98
31	0.0203052	0.012126	0.0117971	0.000293975	2.79637e-16	0.00609524	0.00391741	0.00372505	3.83341e-06	0.000869113	0.96
32	0.0279945	0.0151218	0.0171769	0.00316484	2.83717e-16	0.00546833	0.00348846	0.00339428	2.9951e-06	0.00118472	0.92
33	0.128668	0.0675091	0.0785989	0.149881	2.79882e-16	0.00494832	0.0032209	0.00300656	2.44524e-06	0.00563647	0.96
34	0.00799125	0.00483916	0.00472973	2.67004e-05	2.8622e-16	0.00442389	0.00287148	0.00271725	1.87305e-06	0.000267829	0.98
35	0.0320328	0.0194914	0.0175262	0.00335653	2.79419e-16	0.00375732	0.00240537	0.00232354	1.42942e-06	0.00127331	0.94
36	0.0325237	0.0189933	0.0183515	0.00786473	2.83156e-16	0.00302243	0.00191526	0.00187811	9.55477e-07	0.00123437	0.98
37	0.0134303	0.00796742	0.00771462	0.000192001	2.86133e-16	0.00298919	0.00193208	0.00183977	8.5039e-07	0.000483044	0.92
38	0.00683174	0.00401598	0.00399259	3.51745e-05	2.84576e-16	0.0025857	0.00167043	0.00158553	6.43307e-07	0.00023488	1
39	0.0112605	0.00677613	0.00683676	0.000107595	2.86426e-16	0.00244139	0.00158323	0.0015124	5.29544e-07	0.000383521	0.98
40	0.0089517	0.00564227	0.00497917	0.000247148	2.83277e-16	0.00223681	0.00147205	0.00135844	4.41446e-07	0.000296263	0.98
41	0.00561928	0.00340928	0.0032017	1.4845e-05	2.81855e-16	0.00184033	0.00119424	0.00113832	3.02544e-07	0.000177791	0.96
42	0.0040514	0.00238063	0.00241582	8.88596e-06	2.85323e-16	0.0016532	0.00106977	0.00102746	2.33602e-07	0.000122007	1
43	0.00770207	0.00456325	0.00442795	7.95919e-05	2.86996e-16	0.00153428	0.00101147	0.000940402	1.91787e-07	0.000239179	0.9
44	0.00257628	0.00156756	0.001486	3.1379e-06	2.8579e-16	0.00127064	0.000838115	0.000773606	1.43049e-07	7.42803e-05	0.96
45	0.0031326	0.00191499	0.0017764	6.25371e-06	2.83175e-16	0.00115443	0.000768249	0.000705945	1.04797e-07	8.72902e-05	0.96
46	0.0058543	0.00349391	0.00341538	3.18748e-05	2.83791e-16	0.000881107	0.000578305	0.000536301	7.26004e-08	0.000173111	0.94
47	0.00548645	0.00321791	0.00334718	0.000116982	2.80851e-16	0.000861365	0.000575035	0.000521287	6.16685e-08	0.000151101	0.98
48	0.0107008	0.00615678	0.00621999	0.000482789	2.79993e-16	0.0006944	0.000463546	0.000419578	4.26604e-08	0.000314089	0.92
49	0.00250299	0.001498	0.00146072	3.4695e-06	2.81117e-16	0.000623925	0.000414868	0.000379273	3.37885e-08	6.78145e-05	0.92
50	0.00249698	0.00143723	0.0014486	2.48278e-05	2.79456e-16	0.000503785	0.000336139	0.000304032	2.19654e-08	6.62754e-05	0.98
51	0.00113218	0.000685768	0.000650717	5.36303e-07	2.80082e-16	0.000490562	0.000332925	0.000291508	1.86763e-08	2.75088e-05	0.98
52	0.00102127	0.00062648	0.000578531	5.79647e-07	2.73463e-16	0.000373069	0.000249835	0.000225609	1.13338e-08	2.36989e-05	0.94
53	0.00192579	0.00116188	0.00113614	4.65542e-06	2.79678e-16	0.000324561	0.000218057	0.000196737	8.44418e-09	4.93349e-05	0.98
54	0.00304407	0.00187724	0.00182525	4.5545e-05	2.81817e-16	0.000282236	0.000189949	0.000171101	6.00881e-09	7.55022e-05	0.94
55	0.000582046	0.000342434	0.000334483	2.65439e-07	2.76147e-16	0.000206285	0.000140167	0.000122806	3.36936e-09	1.30091e-05	0.96
56	0.000547505	0.00031855	0.000318889	3.55006e-07	2.7591e-16	0.000159166	0.000107405	9.61799e-05	2.03021e-09	1.23092e-05	0.96
57	0.000385591	0.000228774	0.000220497	1.68524e-07	2.80128e-16	0.00011301	7.65632e-05	6.76736e-05	1.02e-09	8.40183e-06	0.98
58	0.000225813	0.000137522	0.000131302	3.53659e-08	2.80892e-16	7.50436e-05	5.05867e-05	4.52788e-05	4.30762e-10	4.67787e-06	0.94
59	0.000122608	7.22662e-05	7.04433e-05	1.53888e-08	2.79022e-16	3.71133e-05	2.52699e-05	2.22603e-05	1.03828e-10	2.58878e-06	0.98
60	2.93312e-11	1.70175e-11	1.7792e-11	2.18651e-21	2.79659e-16	1.99522e-11	1.16456e-11	1.17728e-11	1.05235e-21	8.56216e-13	0.9
61	7.32851e-05	4.58973e-05	4.15388e-05	1.79778e-09	2.75923e-16	3.54136e-05	2.40462e-05	2.10925e-05	9.67918e-11	1.33319e-06	1
62	0.000235721	0.000142946	0.000135368	8.84044e-08	2.82327e-16	6.91261e-05	4.64924e-05	4.19831e-05	3.63621e-10	4.52935e-06	0.96
63	0.000268679	0.000166009	0.000159325	3.1351e-08	2.7837e-16	0.000103014	6.9382e-05	6.27324e-05	8.0973e-10	4.78961e-06	0.98
64	0.000560702	0.000325652	0.000334384	1.34469e-06	2.80031e-16	0.000135067	9.04158e-05	8.22615e-05	1.45117e-09	1.06235e-05	0.98
65	0.000336673	0.000203654	0.000198939	6.43267e-08	2.79139e-16	0.000160815	0.000106455	9.89078e-05	2.1078e-09	5.13358e-06	0.98
66	0.000463552	0.000289758	0.000274018	2.178e-07	2.77075e-16	0.000199363	0.000133036	0.000121591	3.25153e-09	7.1082e-06	0.98
67	0.00217448	0.00140043	0.00119111	1.39638e-05	2.84235e-16	0.000235331	0.000156733	0.000144029	4.54982e-09	4.2133e-05	0.92
68	0.000818728	0.000502011	0.000468266	7.43072e-07	2.83161e-16	0.00026924	0.00017997	0.000163393	6.02939e-09	1.35687e-05	0.96
69	0.000647881	0.000401388	0.000384648	1.68425e-07	2.81645e-16	0.00030128	0.00020142	0.000183758	7.31277e-09	9.77984e-06	0.98
70	0.000710931	0.000452343	0.000415536	2.69378e-07	2.8149e-16	0.000335735	0.000222586	0.000206725	9.18111e-09	9.95851e-06	0.96
71	0.000625878	0.000386879	0.000374114	1.2348e-07	2.84256e-16	0.000336567	0.000222272	0.000205466	9.64789e-09	8.15242e-06	1
72	0.00113677	0.000688317	0.000673056	7.05646e-07	2.82015e-16	0.000425842	0.000284913	0.000259507	1.41423e-08	1.78576e-05	0.96
73	0.00191398	0.00114611	0.001149	8.82298e-06	2.83083e-16	0.000416001	0.000275206	0.000254872	1.47691e-08	3.15173e-05	0.94
74	0.000874824	0.000540405	0.000518271	4.93193e-07	2.84004e-16	0.000428096	0.000278227	0.000267451	1.65809e-08	1.1008e-05	1
75	0.000894189	0.00056026	0.000523985	3.33199e-07	2.77974e-16	0.000473808	0.000312566	0.000291097	2.04544e-08	1.11955e-05	0.94
76	0.00374961	0.00233181	0.00204587	7.12685e-05	2.84838e-16	0.000497801	0.000324713	0.000306559	2.24367e-08	6.24536e-05	0.94
77	0.00172671	0.00102699	0.00105349	4.09819e-06	2.82274e-16	0.000638717	0.000420786	0.000396357	3.26354e-08	2.48013e-05	0.98
78	0.00269189	0.00164962	0.00154084	1.1828e-05	2.83456e-16	0.00056378	0.000362582	0.000354919	2.97193e-08	4.40479e-05	0.94
79	0.00108428	0.000675572	0.000653435	4.39684e-07	2.881e-16	0.000671411	0.000443397	0.000411574	3.9699e-08	1.12913e-05	1
80	0.00384081	0.00231488	0.00234547	4.30192e-05	2.83141e-16	0.000686203	0.000452904	0.000421349	4.19431e-08	6.03687e-05	0.94
81	0.00170201	0.00103822	0.000993823	2.54368e-06	2.86297e-16	0.000723671	0.00047156	0.000447852	4.51847e-08	2.13606e-05	0.96
82	0.00227802	0.00135201	0.00133119	5.33341e-06	2.8513e-16	0.000804947	0.000520106	0.00050382	5.97525e-08	3.08444e-05	0.92
83	0.00221101	0.00132701	0.00135293	3.72604e-06	2.81194e-16	0.0007331	0.000472445	0.000457917	5.20189e-08	2.98523e-05	0.96
84	0.0054374	0.00310633	0.00333023	0.000117732	2.82381e-16	0.000841545	0.000547084	0.000521935	6.49256e-08	8.35627e-05	0.9
85	0.00128911	0.0007908	0.000767399	6.72283e-07	2.82364e-16	0.000792349	0.000513652	0.000492954	6.13573e-08	1.32534e-05	0.96
86	0.00154231	0.00094538	0.000922745	1.6531e-06	2.87548e-16	0.000834658	0.00053668	0.000518756	7.64302e-08	1.61498e-05	0.96
87	0.00217329	0.00136083	0.00127767	1.75467e-06	2.76836e-16	0.00104378	0.000677959	0.000656809	9.04508e-08	2.42112e-05	1
88	0.00175312	0.00106244	0.00106644	1.6471e-06	2.81232e-16	0.00103189	0.000663051	0.000653565	9.28357e-08	1.68301e-05	0.98
89	0.00346153	0.00223518	0.00191206	2.89285e-05	2.819e-16	0.000928027	0.000591283	0.000581737	8.59097e-08	4.55816e-05	0.96
90	0.00666842	0.00389979	0.00388255	0.000243045	2.81697e-16	0.00101853	0.000649847	0.000642516	1.03969e-07	9.52205e-05	0.98
91	0.00170667	0.00104262	0.00102462	1.35485e-06	2.83894e-16	0.000946559	0.000597766	0.00059574	9.37219e-08	1.74701e-05	1
92	0.00166294	0.00100104	0.00101942	1.43955e-06	2.83031e-16	0.00102221	0.000638037	0.000653758	1.04437e-07	1.43543e-05	0.96
93	0.00176347	0.00107147	0.00107559	1.17862e-06	2.8149e-16	0.00102318	0.00064991	0.000637767	1.07963e-07	1.67378e-05	0.98
94	0.00136379	0.000848457	0.000833	3.30808e-07	2.79363e-16	0.00107189	0.000681289	0.000670255	1.16089e-07	9.0646e-06	1
95	0.00369134	0.0022201	0.00209796	3.41646e-05	2.80839e-16	0.00113353	0.000721629	0.000709406	1.2867e-07	4.5453e-05	0.96
96	0.00186839	0.00114404	0.00114966	7.79883e-07	2.81538e-16	0.00128492	0.000812756	0.000813597	1.56967e-07	1.46583e-05	1
97	0.00410912	0.0024423	0.00242678	1.40772e-05	2.84748e-16	0.00136679	0.000873713	0.000858219	1.83789e-07	4.92311e-05	0.92
98	0.00542096	0.00318741	0.00318485	0.00011024	2.84186e-16	0.00135987	0.000867545	0.000854038	1.7549e-07	6.60729e-05	0.94
99	0.00243047	0.0014968	0.00142332	7.64135e-06	2.78235e-16	0.00122336	0.000769647	0.000770808	1.70138e-07	2.40401e-05	0.94
100	0.0030355	0.00182842	0.00181653	6.27016e-06	2.76229e-16	0.00158258	0.0010123	0.0010014	2.30327e-07	2.92019e-05	0.98
101	0.00225395	0.00137879	0.0013092	4.15136e-06	2.77679e-16	0.00136785	0.000875591	0.000851917	1.79873e-07	1.9295e-05	1
102	0.0249351	0.0141644	0.0143617	0.00547486	2.81145e-16	0.0015628	0.00100385	0.00097643	2.32416e-07	0.000332114	0.98
103	0.00373608	0.00221917	0.00227951	6.49914e-06	2.79096e-16	0.00160437	0.00102708	0.00100592	2.68952e-07	3.77578e-05	0.92
104	0.00264034	0.00158967	0.00160588	3.09584e-06	2.75624e-16	0.00138232	0.000858068	0.000878687	2.07683e-07	2.49912e-05	0.96
105	0.00265246	0.00159716	0.00158583	3.24748e-06	2.76159e-16	0.00151365	0.000954929	0.000955277	2.39284e-07	2.27379e-05	1
106	0.00327157	0.00194751	0.00191301	6.99712e-06	2.77383e-16	0.00153019	0.000971644	0.000952606	2.42062e-07	3.28231e-05	0.96
107	0.00284999	0.00173077	0.00174593	2.34748e-06	2.77929e-16	0.00174621	0.00111371	0.00109903	3.00741e-07	2.31314e-05	1
108	0.00488195	0.0028977	0.00276109	4.54678e-05	2.76917e-16	0.00158981	0.00100607	0.00100167	2.61179e-07	5.2131e-05	0.94
109	0.0027513	0.00164854	0.0017029	2.16509e-06	2.77578e-16	0.00171021	0.0010826	0.0010779	2.83821e-07	2.3043e-05	0.98
110	0.00363482	0.00223291	0.00213576	6.07777e-06	2.81859e-16	0.00201652	0.00128606	0.00127036	3.77067e-07	3.12753e-05	0.96
111	0.00350072	0.00215145	0.00210363	3.61404e-06	2.78843e-16	0.00190386	0.00121897	0.00118719	3.40824e-07	3.07417e-05	1
112	0.0252187	0.0138139	0.014799	0.0027325	2.80422e-16	0.00179691	0.00113586	0.00113	3.20606e-07	0.000310592	0.94
113	0.00550832	0.00347188	0.00297032	9.57512e-05	2.75881e-16	0.00192366	0.00122282	0.00120753	3.78763e-07	5.48122e-05	0.98
114	0.00288337	0.00174751	0.00175927	2.20969e-06	2.79603e-16	0.0019785	0.00124014	0.00126775	3.6945e-07	2.1008e-05	0.98
115	0.00338799	0.00204256	0.00202565	4.23155e-06	2.81348e-16	0.00193392	0.00122387	0.00122051	3.72026e-07	2.83143e-05	0.96
116	0.00286857	0.00173123	0.00169647	3.12424e-06	2.77439e-16	0.00172467	0.00107846	0.00107473	3.40487e-07	2.53182e-05	1
117	0.0266618	0.0148502	0.0160033	0.00543233	2.71727e-16	0.00194944	0.00124058	0.00121519	3.88693e-07	0.000315484	0.88
118	0.00282581	0.00172473	0.00173456	2.13205e-06	2.80878e-16	0.00207121	0.00130522	0.00130719	4.3815e-07	1.87853e-05	0.98
119	0.0046504	0.00277834	0.00277051	2.48296e-05	2.73671e-16	0.00209431	0.00131543	0.00133271	4.34096e-07	4.07269e-05	0.94
120	0.00320021	0.0019274	0.00198367	2.34081e-06	2.76581e-16	0.00205217	0.00129551	0.0012856	4.44412e-07	2.21044e-05	0.98
121	0.00784524	0.00474121	0.00448828	0.000124316	2.83142e-16	0.00209117	0.00131937	0.00131846	4.57243e-07	8.09226e-05	1
122	0.0134125	0.00768778	0.00813652	0.000433823	2.76503e-16	0.00226195	0.0014088	0.00144288	5.25083e-07	0.000140509	0.88
123	0.00448937	0.00278767	0.00260011	1.35362e-05	2.75414e-16	0.00232708	0.00147291	0.00146156	5.47307e-07	3.42099e-05	0.98
124	0.00385412	0.00227757	0.00235161	6.5471e-06	2.8609e-16	0.00217272	0.00136062	0.00136685	5.21694e-07	3.08909e-05	0.94
125	0.00507148	0.00305936	0.00305374	1.93625e-05	2.82815e-16	0.00221344	0.00137318	0.00141561	5.19724e-07	4.17603e-05	0.98
126	0.0176585	0.0104534	0.00984189	0.00150891	2.81263e-16	0.00247817	0.00156872	0.00156281	5.9883e-07	0.000183483	0.94
127	0.00486782	0.00296497	0.00294167	8.68638e-06	2.73174e-16	0.00263478	0.00168871	0.00165988	6.47389e-07	3.84679e-05	0.98
128	0.00895319	0.00550706	0.00493359	0.000147447	2.768e-16	0.00230718	0.00145597	0.00144251	5.41164e-07	8.46127e-05	0.96
129	0.0105793	0.00612077	0.00651019	0.000265542	2.82883e-16	0.00262264	0.00165963	0.00166876	6.55774e-07	0.000102102	0.92
130	0.00533997	0.00310449	0.00331507	2.22568e-05	2.80109e-16	0.00242113	0.00151922	0.00152324	6.01354e-07	4.30301e-05	0.9
131	0.0104861	0.00618683	0.00608678	0.00015368	2.79878e-16	0.00248252	0.00157664	0.00155111	6.44841e-07	0.000100246	0.96
132	0.00405993	0.00241163	0.00247013	7.98198e-06	2.83799e-16	0.00252489	0.00157869	0.00159625	6.45725e-07	2.83481e-05	1
133	0.00458729	0.0027127	0.00287099	9.60534e-06	2.82461e-16	0.00266088	0.00166914	0.00169333	6.99183e-07	3.26104e-05	1
134	0.00346469	0.0020971	0.00213473	2.80614e-06	2.84601e-16	0.00262965	0.00162556	0.00167173	7.56077e-07	1.877e-05	0.98
135	0.0123262	0.00720516	0.00715644	0.000626517	2.82777e-16	0.00268663	0.00168342	0.00170601	7.15998e-07	0.000115733	0.98
136	0.00586488	0.0035347	0.00352536	1.06081e-05	2.80748e-16	0.00293245	0.00185559	0.00186025	8.51008e-07	4.64242e-05	0.98
137	0.00816821	0.004824	0.00497154	7.84963e-05	2.8226e-16	0.00290684	0.00184952	0.00182109	8.04028e-07	6.67662e-05	0.94
138	0.00982869	0.0058509	0.0059687	0.000131967	2.81634e-16	0.00294727	0.0018656	0.00185294	8.9257e-07	8.48454e-05	0.92
139	0.0156554	0.00993857	0.00935136	0.000465384	2.79978e-16	0.00301505	0.0019189	0.00189228	8.70268e-07	0.000141406	0.98
140	0.00505613	0.00304472	0.00310165	1.19399e-05	2.85672e-16	0.00279988	0.00175082	0.00177275	8.20584e-07	3.51468e-05	0.98
141	0.0128716	0.00775818	0.00727711	0.00047268	2.81255e-16	0.00289468	0.00183098	0.0018164	8.70929e-07	0.000115543	0.96
142	0.00615763	0.0037547	0.00364748	3.43571e-05	2.75478e-16	0.00269157	0.00168956	0.0016932	7.67286e-07	4.73968e-05	0.94
143	0.00390895	0.0023908	0.00238248	3.55562e-06	2.76499e-16	0.00274867	0.00171729	0.00172951	8.36508e-07	2.27186e-05	0.92
144	0.0222279	0.0123782	0.0138744	0.00291485	2.78917e-16	0.00295709	0.00187001	0.00185606	9.18644e-07	0.000208648	0.94
145	0.00738087	0.0044181	0.00444082	2.13095e-05	2.79916e-16	0.00288243	0.00179617	0.00182343	9.22858e-07	6.0338e-05	0.94
146	0.00538496	0.00323672	0.0032479	9.68885e-06	2.84722e-16	0.00310536	0.00193452	0.00197337	1.03172e-06	3.52817e-05	1
147	0.00620456	0.00362514	0.00385898	3.17156e-05	2.84706e-16	0.00331723	0.00208066	0.00210782	1.06125e-06	4.0206e-05	0.94
148	0.00984546	0.00581977	0.00597577	9.62242e-05	2.81705e-16	0.00342235	0.00217573	0.00214316	1.15214e-06	7.59353e-05	0.96
149	0.00618989	0.00375953	0.00364524	3.24228e-05	2.84287e-16	0.00290922	0.00181238	0.00184015	9.37725e-07	4.41116e-05	1
150	0.0051706	0.00321124	0.00307998	7.70947e-06	2.87183e-16	0.00345001	0.00222133	0.00214598	1.1477e-06	3.03042e-05	0.96
151	0.00490059	0.00299928	0.00297087	7.95709e-06	2.82411e-16	0.00331968	0.00208071	0.00211533	1.10281e-06	2.62012e-05	0.98
152	0.00703369	0.00426928	0.00414509	2.33298e-05	2.8632e-16	0.00361475	0.00226717	0.00230433	1.22109e-06	4.65934e-05	1
153	0.00438521	0.00269229	0.0026725	4.62862e-06	2.83482e-16	0.00322893	0.00202568	0.00203839	1.05057e-06	2.28271e-05	1
154	0.00504816	0.00305624	0.00302508	8.43704e-06	2.87692e-16	0.00310288	0.00192878	0.00195023	1.04354e-06	3.08719e-05	0.94
155	0.00617462	0.00374206	0.00377087	1.16559e-05	2.90537e-16	0.00356499	0.00223469	0.00226379	1.31923e-06	3.89039e-05	0.98
156	0.00685684	0.00402607	0.00414637	2.66703e-05	2.81348e-16	0.00323963	0.0020082	0.00206641	1.14496e-06	4.60658e-05	0.98
157	0.00647743	0.00382674	0.00379971	3.42056e-05	2.81364e-16	0.003204	0.00199375	0.00203518	1.08208e-06	4.47655e-05	0.98
158	0.0141917	0.00848729	0.00870548	0.000556835	2.82489e-16	0.00339775	0.00210005	0.0021601	1.29565e-06	0.000111209	0.98
159	0.00697314	0.00407284	0.0042608	2.7946e-05	2.87448e-16	0.00366298	0.00230005	0.00234103	1.23433e-06	4.47863e-05	0.96
160	0.0094587	0.0052807	0.00597357	0.000119162	2.85562e-16	0.00341027	0.00213602	0.00214026	1.23755e-06	6.8276e-05	0.98
161	0.00451766	0.00268666	0.00279401	4.93106e-06	2.8077e-16	0.00335727	0.00208044	0.00214087	1.19704e-06	2.23812e-05	1
162	0.0070213	0.00438338	0.00418025	3.67268e-05	2.84417e-16	0.00379633	0.00240429	0.00237495	1.43494e-06	4.05813e-05	0.98
163	0.0159244	0.00923061	0.00945462	0.00101275	2.85424e-16	0.00371838	0.0023241	0.00235997	1.44359e-06	0.000118943	0.94
164	0.0105912	0.00634714	0.00636518	0.000162066	2.85485e-16	0.0038963	0.00246072	0.00247617	1.52744e-06	7.1029e-05	0.98
165	0.00873861	0.00516354	0.00527387	9.73648e-05	2.7996e-16	0.00420747	0.00267331	0.00266117	1.74205e-06	5.36344e-05	0.98
166	0.0148772	0.0089894	0.00846366	0.00043579	2.82368e-16	0.00375274	0.00236829	0.00235726	1.47798e-06	0.000111561	0.92
167	0.00651104	0.00385148	0.00396008	2.30233e-05	2.85073e-16	0.00371369	0.00231108	0.00236307	1.40245e-06	3.71628e-05	0.94
168	0.00635458	0.00384727	0.00386074	1.18321e-05	2.86713e-16	0.00384548	0.00240744	0.00243447	1.57188e-06	3.72279e-05	1
169	0.0141002	0.00822969	0.00826704	0.00026236	2.89665e-16	0.00379795	0.00234082	0.00243303	1.50145e-06	0.00010358	0.92
170	0.00743765	0.004508	0.00442797	2.10902e-05	2.82331e-16	0.00423053	0.00267833	0.00266288	1.75847e-06	4.20468e-05	1
171	0.0455399	0.0272832	0.0251897	0.0163098	2.83523e-16	0.00445385	0.0028284	0.00280748	1.93517e-06	0.000352082	0.98
172	0.012851	0.00782759	0.00783335	0.000125651	2.82343e-16	0.00457268	0.00290581	0.00289254	1.96535e-06	8.29068e-05	0.98
173	0.00485783	0.00298608	0.00300005	4.54528e-06	2.83712e-16	0.00373335	0.00232764	0.00236367	1.50469e-06	2.17343e-05	0.98
174	0.274303	0.170446	0.167942	0.494806	2.81484e-16	0.00477203	0.00305733	0.00300481	2.05607e-06	0.00226896	0.88
175	0.0147582	0.00876657	0.00884735	0.000335354	2.79939e-16	0.00422421	0.00266957	0.00265121	1.84663e-06	9.87149e-05	1
176	0.00876672	0.00526163	0.00526883	7.03472e-05	2.80909e-16	0.00450039	0.00284881	0.00284476	1.94563e-06	4.86248e-05	0.98
177	0.0105726	0.00647754	0.00626974	9.51758e-05	2.80995e-16	0.00429016	0.00268151	0.00271638	1.92768e-06	6.53445e-05	0.96
178	0.00592308	0.00366677	0.00360022	9.92668e-06	2.86238e-16	0.00415784	0.00259989	0.00262701	1.78764e-06	2.71124e-05	1
179	0.00899902	0.00520235	0.0055776	8.06575e-05	2.83856e-16	0.00452342	0.00282941	0.0028887	2.11076e-06	5.26296e-05	0.98
180	0.0111835	0.00674486	0.00657663	6.30134e-05	2.80362e-16	0.00403901	0.00251641	0.00256263	1.80335e-06	7.64097e-05	0.96
181	0.0224072	0.0127746	0.0134064	0.00226569	2.7829e-16	0.00412702	0.00255442	0.00263944	1.79205e-06	0.000163321	0.92
182	0.0152712	0.00936138	0.00911138	0.000226584	2.85565e-16	0.00447943	0.00280128	0.00286316	1.95688e-06	0.00010233	0.96
183	0.0132385	0.00789008	0.00789343	0.000236254	2.80959e-16	0.00426214	0.00267371	0.00268962	1.93005e-06	8.56391e-05	0.96
184	0.00921016	0.00537993	0.00548556	0.000130525	2.8146e-16	0.0041974	0.00265237	0.0026228	1.85718e-06	5.55199e-05	0.94
185	0.0121991	0.00738875	0.00738084	9.42303e-05	2.7802e-16	0.0046244	0.00286231	0.00296819	2.18652e-06	7.41792e-05	0.96
186	0.00738407	0.00444931	0.0044541	2.91514e-05	2.81981e-16	0.00470876	0.0029645	0.0029673	2.41826e-06	3.60178e-05	1
187	0.0100707	0.0061299	0.00595308	9.13054e-05	2.79674e-16	0.00422014	0.00262306	0.00266759	1.93101e-06	5.94985e-05	0.96
188	0.00679303	0.00412035	0.00418858	1.67797e-05	2.82598e-16	0.00459035	0.00288061	0.0029034	2.147e-06	2.93547e-05	1
189	0.00860875	0.0051231	0.00527834	5.0996e-05	2.7884e-16	0.00481006	0.00305842	0.00301102	2.22194e-06	4.39419e-05	0.98
190	0.00973528	0.00585249	0.00567092	6.4271e-05	2.79439e-16	0.00516907	0.00330982	0.00323809	2.34227e-06	5.20702e-05	0.96
191	0.00959667	0.00578182	0.00553372	6.31262e-05	2.7831e-16	0.00504084	0.00319722	0.00317159	2.57636e-06	5.01924e-05	0.96
192	0.0172211	0.0102059	0.0101655	0.000586515	2.78481e-16	0.00442273	0.00276918	0.00278388	2.09254e-06	0.000112095	0.96
193	0.0143741	0.00850561	0.00863085	0.000337264	2.78151e-16	0.00496972	0.00311728	0.00316034	2.4674e-06	8.52381e-05	1
194	0.026432	0.0157275	0.0162619	0.00119189	2.78194e-16	0.00534397	0.00335249	0.00342031	2.60523e-06	0.000170395	0.92
195	0.0121651	0.00716222	0.00726665	0.00012104	2.7775e-16	0.00482169	0.00300212	0.00308293	2.51422e-06	7.04815e-05	0.94
196	0.00920465	0.00541963	0.00550523	4.9959e-05	2.78453e-16	0.00448289	0.00276715	0.00285778	2.22405e-06	5.0556e-05	0.98
197	0.0122896	0.0071987	0.0072502	0.000281291	2.77122e-16	0.00481194	0.00300262	0.00307667	2.30489e-06	7.08147e-05	0.96
198	0.00849484	0.00509721	0.00520778	2.73614e-05	2.80473e-16	0.0051198	0.00319722	0.00325652	2.70177e-06	4.06512e-05	0.96
199	0.0099547	0.00583159	0.00619206	6.59893e-05	2.77466e-16	0.00486354	0.00303884	0.00308414	2.38801e-06	5.21294e-05	1
200	0.0106074	0.00623256	0.00653763	5.13921e-05	2.80024e-16	0.00475279	0.00296101	0.00300938	2.36271e-06	5.93143e-05	0.94
201	0.00740201	0.0045192	0.00447742	1.31331e-05	2.81697e-16	0.00487806	0.00304008	0.00308011	2.73769e-06	3.20864e-05	0.98
202	0.0114762	0.00722073	0.00677582	7.84413e-05	2.82268e-16	0.00489807	0.00311514	0.00302623	2.55602e-06	6.37176e-05	0.98
203	0.00758756	0.00464114	0.00454547	1.64833e-05	2.83469e-16	0.00488436	0.00303801	0.00310323	2.42903e-06	3.79554e-05	0.96
204	0.0127802	0.00765228	0.00769246	0.000213669	2.78553e-16	0.00505961	0.00317183	0.0031989	2.58983e-06	6.83869e-05	0.94
205	0.525914	0.3221	0.297269	2.35113	2.77767e-16	0.00483832	0.00300867	0.00305051	2.46901e-06	0.00369908	0.96
206	0.0124743	0.00724047	0.00746539	0.000419997	2.77608e-16	0.00484424	0.00302445	0.00306242	2.54108e-06	6.85815e-05	0.98
207	0.0441196	0.0263789	0.0250925	0.0121378	2.81157e-16	0.00566922	0.00356234	0.00360005	3.06621e-06	0.000283588	0.96
208	0.009151	0.00546501	0.00545046	9.28396e-05	2.81173e-16	0.00505364	0.00313964	0.00321435	2.63711e-06	4.28745e-05	0.96
209	0.011038	0.00648135	0.00664576	0.000126465	2.77789e-16	0.00508144	0.0031928	0.0031973	2.7403e-06	5.67269e-05	0.98
210	0.0124406	0.00778087	0.00729735	0.0001547	2.80475e-16	0.00571812	0.00361164	0.00362439	3.17817e-06	6.2341e-05	0.98
211	0.0125012	0.00762553	0.00748103	0.00014285	2.75962e-16	0.00563914	0.00356216	0.00357668	3.2564e-06	5.99729e-05	0.98
212	0.0216274	0.0127233	0.013399	0.000541347	2.7922e-16	0.00572131	0.00359492	0.00363413	3.30811e-06	0.000126445	0.92
213	0.0365849	0.0216273	0.0215854	0.0064158	2.78869e-16	0.00636727	0.00408946	0.0039819	3.64163e-06	0.000221118	0.96
214	0.0108416	0.00644777	0.00642192	7.09215e-05	2.78578e-16	0.00533641	0.0033319	0.00338008	2.86567e-06	5.47464e-05	0.96
215	0.0197699	0.0114605	0.0118871	0.000621458	2.811e-16	0.00622528	0.00390442	0.00396914	3.6543e-06	0.00010867	0.98
216	0.0110558	0.00655734	0.00695451	6.17959e-05	2.83232e-16	0.00558493	0.0034367	0.00360041	3.33891e-06	5.24375e-05	0.98
217	0.0103455	0.00619171	0.00627459	7.23456e-05	2.78475e-16	0.00572735	0.00357617	0.00364472	3.30531e-06	4.50951e-05	0.98
218	0.0111333	0.00679644	0.00661234	4.34731e-05	2.78585e-16	0.00623826	0.00391393	0.00398589	3.9395e-06	5.0306e-05	0.96
219	0.0106387	0.00610061	0.00663298	0.000129136	2.8415e-16	0.00533962	0.00325548	0.00342485	3.08473e-06	4.98007e-05	0.94
220	0.0113567	0.006775	0.00675791	0.000125117	2.7794e-16	0.00538143	0.00337375	0.00338761	3.06621e-06	5.52516e-05	0.94
221	0.0145684	0.00921325	0.00821118	0.000368183	2.78698e-16	0.00579506	0.00362919	0.00365624	3.45732e-06	7.35778e-05	0.96
222	0.0129494	0.00789849	0.00754432	9.30359e-05	2.8047e-16	0.00615598	0.00393445	0.00385784	3.47363e-06	6.21574e-05	0.98
223	0.0157379	0.00954314	0.00966439	0.000277868	2.80288e-16	0.00624438	0.00399202	0.00388423	3.76078e-06	7.99646e-05	0.96
224	0.0154668	0.00919011	0.00914534	0.000399996	2.76074e-16	0.00519286	0.00317916	0.00331085	3.17348e-06	8.35025e-05	0.94
225	0.028009	0.0157945	0.0165454	0.00412126	2.78145e-16	0.0059699	0.00372806	0.00379392	3.75256e-06	0.000158079	0.94
226	0.0198107	0.0117808	0.0119805	0.000527236	2.75842e-16	0.00584961	0.00362685	0.00372868	3.56232e-06	0.000104874	0.92
227	0.0844759	0.0513541	0.0526762	0.0178215	2.77999e-16	0.0059451	0.00369397	0.00378994	4.09873e-06	0.000511744	0.94
228	0.0160549	0.00936701	0.00942228	0.000413392	2.80795e-16	0.0063486	0.00399692	0.00402439	3.83893e-06	7.81373e-05	0.96
229	0.0116792	0.00711071	0.00707429	7.39145e-05	2.78189e-16	0.00618294	0.00377131	0.00402197	4.04256e-06	5.28017e-05	0.98
230	0.0111401	0.00657236	0.00655856	0.000114846	2.81702e-16	0.00546482	0.00342011	0.00342285	3.13077e-06	5.50283e-05	0.94
231	0.0111531	0.00641244	0.00675579	8.45349e-05	2.78495e-16	0.00557557	0.00347829	0.00349099	3.42802e-06	5.1328e-05	0.92
232	0.0204557	0.0120012	0.0119829	0.00123769	2.73205e-16	0.00622703	0.0038952	0.00394836	3.8084e-06	0.00010452	0.98
233	0.0152323	0.00896151	0.00920794	0.00013049	2.78277e-16	0.00643539	0.00403517	0.0041077	4.0288e-06	7.36267e-05	0.94
234	0.0127305	0.00756725	0.00766096	9.00535e-05	2.80921e-16	0.00611268	0.00377223	0.00391618	3.87916e-06	5.92455e-05	0.96
235	0.00928458	0.00552279	0.005696	4.09392e-05	2.78098e-16	0.00569573	0.00346783	0.00367424	3.51915e-06	3.79192e-05	0.96
236	0.0192006	0.0115408	0.0110466	0.000280761	2.76523e-16	0.00705567	0.0044694	0.00447	4.99804e-06	9.43111e-05	0.98
237	0.0321264	0.0195244	0.0176466	0.00380224	2.8458e-16	0.00668942	0.00419029	0.00425559	4.61317e-06	0.000169695	0.96
238	0.0585406	0.0344974	0.0357478	0.0118139	2.80065e-16	0.00625454	0.00393224	0.003901	4.2385e-06	0.000327084	0.9
239	0.0217568	0.0130064	0.0124055	0.000704788	2.75442e-16	0.0065503	0.00412882	0.00414443	4.1618e-06	0.00011317	0.94
240	0.0327887	0.0199817	0.0187124	0.00283288	2.78191e-16	0.00604293	0.00373298	0.00387897	3.86489e-06	0.000172121	0.96
241	0.0164578	0.00937223	0.00960373	0.000537706	2.75451e-16	0.00619856	0.00389042	0.00391902	3.75564e-06	7.90324e-05	0.96
242	0.0139329	0.00833729	0.00819733	9.53425e-05	2.78636e-16	0.0062553	0.00394075	0.00392334	4.01417e-06	6.5414e-05	1
243	0.0209987	0.0125059	0.0120396	0.000337174	2.81212e-16	0.00661342	0.00420292	0.00412763	4.4501e-06	0.000106329	0.94
244	0.0426087	0.0247798	0.0247682	0.00992792	2.80463e-16	0.00690995	0.00440387	0.00431218	4.53042e-06	0.000223215	0.94
245	0.0504354	0.0294485	0.0285758	0.0143415	2.7475e-16	0.00775916	0.00496524	0.00490606	5.27994e-06	0.000264379	0.96
246	0.0161847	0.00959122	0.00933761	0.000327475	2.77669e-16	0.00656278	0.00414225	0.00412855	4.50041e-06	7.08297e-05	0.94
247	0.0352628	0.0210854	0.0206965	0.00170664	2.77492e-16	0.00809261	0.00514275	0.00513541	7.34795e-06	0.000179901	0.96
248	0.0259451	0.014953	0.0160095	0.00116677	2.72843e-16	0.00702966	0.00444493	0.00440802	4.81955e-06	0.000127818	0.92
249	0.0112696	0.00683839	0.00674225	4.41428e-05	2.78718e-16	0.0063436	0.00397902	0.00397349	4.01909e-06	4.48909e-05	0.98
250	0.0173358	0.0104086	0.01037	0.000463734	2.77704e-16	0.00626146	0.00393627	0.00391127	4.3126e-06	8.05051e-05	0.94
251	0.0117034	0.00707892	0.00692093	7.6552e-05	2.77707e-16	0.00665793	0.00412666	0.00422683	4.8396e-06	4.53285e-05	0.98
252	0.0127215	0.00770832	0.00766168	8.00481e-05	2.75784e-16	0.00749451	0.00470172	0.00477572	5.54415e-06	4.86573e-05	0.98
253	0.015686	0.00954845	0.00915732	0.000189137	2.82521e-16	0.00716086	0.00447057	0.00457328	5.38284e-06	6.51519e-05	0.96
254	0.00909177	0.00547971	0.00547259	2.09119e-05	2.79251e-16	0.00633128	0.00393233	0.00400007	3.99507e-06	3.47998e-05	1
255	0.0288158	0.0171309	0.0171806	0.00134245	2.81893e-16	0.00752097	0.00477762	0.00476613	5.357e-06	0.000141128	0.92
256	0.0209735	0.0124091	0.0128095	0.000381288	2.81697e-16	0.00843076	0.00533027	0.00537109	6.88945e-06	9.00869e-05	0.94
257	0.0427604	0.0239502	0.0249127	0.0128108	2.79713e-16	0.00693351	0.0043796	0.00433679	5.08813e-06	0.000219885	0.96
258	0.0162273	0.00967576	0.00957863	0.000131906	2.82128e-16	0.00809073	0.00512205	0.0051381	6.04639e-06	6.72766e-05	1
259	0.00970848	0.00575035	0.00594788	2.46144e-05	2.82731e-16	0.0063184	0.00395578	0.00397119	4.37135e-06	3.58351e-05	0.98
260	0.0199827	0.012171	0.0113733	0.000656121	2.82507e-16	0.00690992	0.00439424	0.00432641	5.01414e-06	8.95221e-05	0.96
261	0.0441872	0.0245342	0.0266399	0.00826765	2.87426e-16	0.00748857	0.00473298	0.00472874	5.73663e-06	0.000224437	0.96
262	0.00965123	0.00574258	0.00591299	3.08505e-05	2.79667e-16	0.00629545	0.00391533	0.00397766	4.37727e-06	3.34831e-05	0.98
263	0.0134572	0.0081153	0.00823089	5.57231e-05	2.82193e-16	0.0074526	0.00467517	0.00472111	5.30296e-06	5.40902e-05	1
264	0.0344173	0.0195256	0.0198017	0.00454418	2.80591e-16	0.00696521	0.00433052	0.00442695	4.86034e-06	0.00016717	0.96
265	0.0135188	0.00819611	0.00794704	0.000116996	2.77247e-16	0.00719663	0.00454139	0.00454761	5.11606e-06	5.16684e-05	0.98
266	0.0169504	0.0105112	0.00990802	0.000175432	2.86434e-16	0.00768251	0.00494105	0.00476603	5.93365e-06	6.78289e-05	1
267	0.0211569	0.0122497	0.0124074	0.000998201	2.81718e-16	0.00721798	0.00452941	0.00454706	5.51582e-06	9.12096e-05	0.94
268	0.0151102	0.00878895	0.00909175	0.000222135	2.78822e-16	0.00694948	0.00440987	0.00434254	4.96031e-06	6.29875e-05	0.96
269	0.0163831	0.00955794	0.00999383	0.000384192	2.79313e-16	0.00751979	0.00471952	0.00477102	5.78454e-06	6.42685e-05	0.96
270	0.0141568	0.00843343	0.00865716	9.70365e-05	2.85806e-16	0.00803525	0.00500123	0.00517107	6.07584e-06	4.98522e-05	1
271	0.0132101	0.00784336	0.00795808	0.000100492	2.76876e-16	0.00753291	0.00474662	0.00474672	5.93983e-06	4.89111e-05	0.96
272	0.0203849	0.0120506	0.0122043	0.00028611	2.82396e-16	0.00750209	0.00475759	0.00470295	5.606e-06	8.6094e-05	0.96
273	0.024291	0.0150432	0.0141837	0.000635789	2.79919e-16	0.00735607	0.0045794	0.00465624	5.75302e-06	0.000110452	0.92
274	0.0240396	0.0152752	0.0136385	0.000718372	2.75064e-16	0.00763197	0.00479593	0.00482322	5.81208e-06	0.000102001	0.92
275	0.0213557	0.0125087	0.0125658	0.000732739	2.81975e-16	0.00777134	0.00486444	0.00497165	6.21533e-06	9.10743e-05	0.98
276	0.0217675	0.013257	0.012707	0.000460628	2.82081e-16	0.00813347	0.00505945	0.0052218	6.55796e-06	9.02417e-05	0.96
277	0.0568986	0.0327616	0.0314638	0.0227051	2.80433e-16	0.00758279	0.00470475	0.00483133	5.83076e-06	0.000274013	0.94
278	0.0226093	0.0131863	0.0130354	0.000738647	2.85443e-16	0.00741924	0.0046411	0.00467544	6.03108e-06	9.9117e-05	0.98
279	0.0127596	0.0077236	0.00762141	5.78332e-05	2.84477e-16	0.00815633	0.00518151	0.00509963	6.99569e-06	4.3462e-05	0.98
280	0.0112917	0.00667763	0.00694352	4.01314e-05	2.86171e-16	0.00724653	0.00452257	0.00461376	5.3546e-06	3.84893e-05	0.96
281	0.0185429	0.0111631	0.0110884	0.000474977	2.86556e-16	0.00746711	0.00464661	0.00471421	5.90242e-06	7.54468e-05	0.92
282	0.0263066	0.0159351	0.0160882	0.00110421	2.79011e-16	0.00799766	0.00503579	0.00505507	6.79156e-06	0.000109341	0.94
283	0.014164	0.00818602	0.00881739	0.000107668	2.82004e-16	0.00706037	0.00435998	0.00446968	5.57675e-06	5.57165e-05	0.96
284	0.0182528	0.0111094	0.0108137	0.000231247	2.84728e-16	0.00689459	0.00428535	0.00433805	5.22088e-06	7.58586e-05	0.98
285	0.0301516	0.0176361	0.0176396	0.00119954	2.82672e-16	0.0076261	0.0046988	0.00491326	5.93612e-06	0.000132319	0.92
286	0.0320085	0.0186089	0.0191493	0.00151221	2.76267e-16	0.0083662	0.00521447	0.00534704	6.92295e-06	0.000137367	0.94
287	0.0148626	0.00886258	0.00911974	0.000112656	2.78066e-16	0.00798725	0.00501521	0.0050478	6.30763e-06	5.20003e-05	0.94
288	0.214428	0.131353	0.121875	0.423332	2.81893e-16	0.00823079	0.00526598	0.00509136	6.82938e-06	0.00104187	0.98
289	0.0243355	0.014569	0.0143982	0.00150809	2.83336e-16	0.0080732	0.00508626	0.0050827	6.48458e-06	9.89799e-05	0.96
290	0.0186242	0.010961	0.0108836	0.00108102	2.77969e-16	0.00769058	0.00482189	0.00483984	5.91308e-06	7.24078e-05	0.94
291	0.162402	0.097237	0.0947804	0.218823	2.82392e-16	0.0089131	0.00562961	0.0056865	7.54834e-06	0.000779215	0.94
292	0.0227818	0.0139239	0.0132278	0.0008618	2.81828e-16	0.00871878	0.00553215	0.00549555	7.00086e-06	8.73006e-05	1
293	0.0207654	0.0123194	0.0126405	0.00032501	2.8142e-16	0.00832055	0.00524452	0.00522469	7.19505e-06	8.0781e-05	0.96
294	0.0751633	0.0473214	0.0416286	0.0195504	2.86179e-16	0.00877603	0.00551706	0.00551386	8.22013e-06	0.000346871	0.94
295	0.0253527	0.015076	0.0152744	0.000545329	2.8551e-16	0.00871313	0.0054941	0.0055302	7.68696e-06	0.000100161	0.98
296	0.0136652	0.00814146	0.00841425	6.16355e-05	2.81599e-16	0.00861725	0.00537759	0.00551992	7.11445e-06	4.24164e-05	0.94
297	0.0284435	0.0163405	0.0169709	0.00294458	2.82112e-16	0.00824882	0.0052073	0.00518789	7.16369e-06	0.000115377	0.98
298	0.0262734	0.015585	0.0158488	0.000725098	2.84202e-16	0.00880086	0.00549169	0.00563212	8.14906e-06	0.000103892	0.98
299	0.0189605	0.0113504	0.0111383	0.000336903	2.83305e-16	0.00865417	0.00548338	0.00541932	7.29339e-06	6.8305e-05	0.92
