FocalLength	QR_Kcost	maxQR_Kcost	QR_Focalcost	QR_PPcost	QR_Skewcost	QR_RRtcost	IAC_Kcost	maxIAC_Kcost	IAC_Focalcost	IAC_PPcost	IAC_Skewcost	IAC_RRtcost
4	0.000329537	0.00172232	0.000175612	0.000228449	2.44194e-08	2.94855e-16	0.000337064	0.00158453	0.000185813	0.000237965	1.96956e-08	3.77982e-05
5	0.000357783	0.00198564	0.000228961	0.000196098	4.1807e-08	2.87607e-16	0.000342813	0.00138774	0.00021973	0.000187846	3.77286e-08	4.10387e-05
6	0.000486036	0.00520026	0.000288365	0.000312116	4.77149e-08	2.88452e-16	0.000498211	0.00506059	0.000289396	0.000327518	4.36033e-08	3.84162e-05
7	0.000614839	0.00604691	0.000399128	0.000335813	1.38886e-07	2.85024e-16	0.000615232	0.0054386	0.000401904	0.000348393	1.25298e-07	4.18875e-05
8	0.000866047	0.0602053	0.000500879	0.000524068	2.3098e-06	2.78805e-16	0.000844084	0.0429742	0.000516426	0.000504878	4.57484e-07	6.27646e-05
9	0.000865656	0.0543331	0.000485044	0.000513706	3.21868e-06	2.76506e-16	0.000876598	0.0517589	0.000500607	0.000526552	3.04487e-06	4.78816e-05
10	0.000859436	0.0216983	0.000505713	0.00051846	4.54558e-07	2.79624e-16	0.000876222	0.0246831	0.000510053	0.000536802	4.13857e-07	4.55765e-05
11	0.00101521	0.0674186	0.000609318	0.00060201	1.3422e-06	2.82013e-16	0.00102684	0.0482559	0.000623651	0.000614753	7.74717e-07	4.82612e-05
12	0.00111572	0.0366112	0.000652146	0.000662508	1.18554e-06	2.8086e-16	0.00111999	0.038328	0.000664384	0.000668941	1.26505e-06	4.77492e-05
13	0.00133744	0.116058	0.000784467	0.000818704	1.58148e-06	2.78102e-16	0.00130335	0.0688592	0.000788957	0.000792156	7.13165e-07	5.37237e-05
14	0.00134566	0.0849643	0.000765035	0.000822015	1.14361e-06	2.76341e-16	0.00134719	0.0687802	0.000776213	0.00083533	1.12816e-06	5.09786e-05
15	0.00143636	0.092642	0.000822325	0.000889952	1.84755e-06	2.78071e-16	0.00144415	0.104385	0.00084243	0.00089385	3.0411e-06	4.8375e-05
16	0.00162968	0.110016	0.000925708	0.000989132	7.03528e-06	2.80371e-16	0.00163024	0.124442	0.000952426	0.00100063	3.65664e-06	5.4071e-05
17	0.0015462	0.0771373	0.000943332	0.00091386	1.48364e-06	2.78746e-16	0.00156974	0.0766955	0.000961825	0.000934072	1.43629e-06	4.47922e-05
18	0.00184297	0.155721	0.00109242	0.00111019	4.37367e-06	2.83824e-16	0.00187559	0.168782	0.00111871	0.00115162	3.269e-06	5.29357e-05
19	0.00177867	0.120164	0.00103478	0.00107294	5.51297e-06	2.83681e-16	0.00177919	0.117407	0.00105376	0.00108825	4.5061e-06	4.73479e-05
20	0.0018816	0.16137	0.00113231	0.00109665	4.72907e-06	2.86299e-16	0.00189693	0.103948	0.00113855	0.00114163	2.58567e-06	4.81929e-05
21	0.00195758	0.1131	0.00116231	0.00118263	2.49332e-06	2.86087e-16	0.00199223	0.115699	0.00119678	0.00119915	2.87013e-06	4.70396e-05
22	0.00210092	0.170801	0.001245	0.00125238	7.77028e-06	2.81715e-16	0.00214702	0.180962	0.00131681	0.00125407	8.01634e-06	5.14909e-05
23	0.00215776	0.10831	0.00126849	0.00132337	3.28411e-06	2.82078e-16	0.00217369	0.104079	0.00130997	0.00132187	3.08575e-06	4.70868e-05
24	0.00232793	0.211335	0.00138782	0.00138954	8.70116e-06	2.80863e-16	0.00229598	0.182006	0.00137397	0.00139443	7.06933e-06	4.89243e-05
25	0.00233964	0.22375	0.00138063	0.00143045	6.54256e-06	2.81089e-16	0.00237273	0.252439	0.0014121	0.00146954	5.62476e-06	4.91505e-05
26	0.00246644	0.215301	0.00143787	0.00151504	5.86113e-06	2.80131e-16	0.00251109	0.215161	0.00146711	0.00156856	4.73171e-06	4.99279e-05
27	0.00243162	0.204295	0.0014311	0.00145236	5.67672e-06	2.78851e-16	0.00241372	0.177217	0.00143043	0.00146937	4.63156e-06	4.62962e-05
28	0.00252312	0.166704	0.00147784	0.00153765	4.29221e-06	2.79167e-16	0.00253608	0.165214	0.00150613	0.00155248	4.79718e-06	4.50407e-05
29	0.00261468	0.251052	0.00154582	0.00157215	8.57449e-06	2.80436e-16	0.00259369	0.21742	0.00153444	0.00158684	6.48724e-06	4.53575e-05
30	0.00270931	0.176954	0.00161003	0.00162452	8.01566e-06	2.7976e-16	0.00269112	0.15815	0.00160548	0.00164288	7.56756e-06	4.72794e-05
31	0.0029727	0.300048	0.00174661	0.00179097	1.71796e-05	2.78989e-16	0.00302242	0.386433	0.0018042	0.00185435	1.66788e-05	4.96181e-05
32	0.00299089	0.217556	0.00176235	0.00183522	8.45121e-06	2.79168e-16	0.00297768	0.165129	0.00174744	0.00182765	1.00835e-05	4.6533e-05
33	0.00335834	0.309891	0.00187156	0.00202009	3.76307e-05	2.81619e-16	0.00335947	0.359729	0.001957	0.00199157	3.57223e-05	5.32237e-05
34	0.00311234	0.198313	0.0018338	0.0018852	1.01484e-05	2.8209e-16	0.00313939	0.217005	0.00185419	0.00194009	8.62483e-06	4.82528e-05
35	0.00312535	0.107621	0.00186587	0.0018635	6.40253e-06	2.81974e-16	0.00312955	0.115163	0.0018948	0.00189519	5.30242e-06	4.64631e-05
36	0.00335666	0.27095	0.00203225	0.00199326	1.36601e-05	2.81394e-16	0.00338672	0.271927	0.00207828	0.0020139	1.26891e-05	4.78546e-05
37	0.00347367	0.329711	0.00204206	0.00213278	1.24408e-05	2.84468e-16	0.00349659	0.358682	0.00207098	0.00216346	1.20437e-05	4.66578e-05
38	0.00368627	0.384713	0.00221655	0.00219399	2.73673e-05	2.8273e-16	0.0037538	0.469584	0.00234608	0.00223928	2.10924e-05	4.86383e-05
39	0.00371904	0.400265	0.00223483	0.00220627	2.53461e-05	2.84703e-16	0.00369271	0.301271	0.00226113	0.00222173	1.38717e-05	4.64904e-05
40	0.00378694	0.263779	0.00221588	0.00233919	1.83569e-05	2.85118e-16	0.0038127	0.235036	0.00225357	0.00237589	1.6253e-05	5.12986e-05
41	0.00383695	0.269547	0.0022562	0.00231829	2.52518e-05	2.84877e-16	0.00381748	0.23069	0.00228184	0.0023245	1.85531e-05	4.52775e-05
42	0.00402712	0.464671	0.00239802	0.00244199	3.33108e-05	2.82222e-16	0.00392731	0.337377	0.00239509	0.00237034	1.25723e-05	5.12889e-05
43	0.00374284	0.266765	0.00225288	0.00226	6.24367e-06	2.82988e-16	0.00376875	0.338297	0.0022904	0.00230964	8.22067e-06	4.36846e-05
44	0.00406824	0.247588	0.00240935	0.00247138	1.62931e-05	2.80839e-16	0.00406889	0.226448	0.00245478	0.00250119	1.46107e-05	4.89553e-05
45	0.00432322	0.290624	0.00250033	0.00268439	1.5865e-05	2.81713e-16	0.00433959	0.275307	0.00257803	0.00268045	1.91553e-05	4.75521e-05
46	0.00413569	0.192787	0.00240228	0.00254807	1.17935e-05	2.79241e-16	0.00411812	0.192455	0.00246031	0.00257391	7.78243e-06	4.67686e-05
47	0.00402714	0.397025	0.00242903	0.00245712	1.48842e-05	2.80239e-16	0.00403259	0.431064	0.00247628	0.00248926	1.45969e-05	4.32877e-05
48	0.00421877	0.267301	0.0025437	0.00249853	1.65391e-05	2.82578e-16	0.00427662	0.272855	0.00260362	0.00259023	1.61333e-05	4.33524e-05
49	0.00423966	0.164454	0.00260026	0.00250234	1.26015e-05	2.80624e-16	0.00422301	0.153679	0.00265141	0.00252442	7.50364e-06	4.53799e-05
50	0.00437482	0.446118	0.00253634	0.00275518	2.71708e-05	2.8048e-16	0.00435227	0.480312	0.00250958	0.0028126	2.81448e-05	4.28673e-05
51	0.00488157	0.361828	0.00294859	0.00300593	2.38997e-05	2.80422e-16	0.00490982	0.442542	0.00304437	0.00305185	1.53935e-05	5.05264e-05
52	0.0044923	0.110705	0.00268269	0.00280721	8.57954e-06	2.78808e-16	0.00446602	0.117732	0.00273013	0.00281832	6.84209e-06	4.35472e-05
53	0.00478607	0.474352	0.00288533	0.00288485	5.9381e-05	2.78921e-16	0.0047901	0.457451	0.00297571	0.00289795	2.83622e-05	4.88751e-05
54	0.00481067	0.263848	0.00285455	0.00300039	1.33851e-05	2.78033e-16	0.00483363	0.260859	0.00289935	0.00302718	1.47691e-05	4.79241e-05
55	0.00461855	0.17551	0.00275133	0.00284643	1.29054e-05	2.79182e-16	0.0045689	0.203553	0.00281078	0.00279226	1.02764e-05	4.28205e-05
56	0.00494685	0.333062	0.00291877	0.00312966	1.34452e-05	2.7893e-16	0.0049777	0.361016	0.00304845	0.0031211	2.27228e-05	4.81173e-05
57	0.005712	0.386541	0.00331262	0.00364857	1.96622e-05	2.77983e-16	0.00563165	0.308155	0.00331058	0.00369468	1.42843e-05	4.90441e-05
58	0.00500696	0.136192	0.00297859	0.00311476	1.44009e-05	2.79812e-16	0.00499086	0.156664	0.0030492	0.00312107	1.26038e-05	4.52589e-05
59	0.00509949	0.46914	0.00317988	0.0029939	1.91697e-05	2.80243e-16	0.00513393	0.52371	0.00329883	0.00302228	1.23084e-05	4.57996e-05
60	0.00508195	0.110251	0.00304996	0.00318277	1.1406e-05	2.80857e-16	0.00504637	0.1108	0.00307954	0.00318089	1.09394e-05	4.16886e-05
61	0.00522099	0.277744	0.00316813	0.0032326	3.18522e-05	2.79238e-16	0.00518314	0.276039	0.00317153	0.00322885	3.62126e-05	4.24957e-05
62	0.00568556	0.510862	0.00359541	0.0033921	3.89859e-05	2.79167e-16	0.00564891	0.505928	0.00367452	0.00331073	2.27005e-05	4.90609e-05
63	0.00630343	0.538238	0.00379345	0.00404231	3.13019e-05	2.80531e-16	0.00611594	0.477471	0.00373748	0.00398303	1.96608e-05	5.11073e-05
64	0.00524999	0.236475	0.0031823	0.003212	1.13909e-05	2.80736e-16	0.00515075	0.207957	0.00325629	0.00314325	9.32911e-06	4.68049e-05
65	0.00598792	0.492192	0.00370765	0.00375219	2.07851e-05	2.75766e-16	0.00605008	0.560187	0.00385479	0.00375873	3.63487e-05	4.8169e-05
66	0.00551697	0.3208	0.00336136	0.00343228	1.28161e-05	2.783e-16	0.00550905	0.321185	0.00347651	0.00348739	9.0248e-06	4.21954e-05
67	0.00538293	0.161946	0.0032674	0.00333317	1.82199e-05	2.82092e-16	0.00521959	0.125955	0.00328958	0.0032631	9.32149e-06	4.18155e-05
68	0.00616377	0.552029	0.00361064	0.00387364	7.66805e-05	2.78461e-16	0.0059348	0.30043	0.00367451	0.00374719	2.05043e-05	4.64958e-05
69	0.00569973	0.0965886	0.00352854	0.00358814	1.08077e-05	2.79356e-16	0.00565677	0.143929	0.00350157	0.0036188	9.91276e-06	4.13925e-05
70	0.00625625	0.47685	0.00377497	0.00395721	1.8165e-05	2.82869e-16	0.00618518	0.373074	0.00374911	0.00401363	1.95822e-05	4.87358e-05
71	0.0062463	0.41537	0.00396219	0.00380002	2.88227e-05	2.82127e-16	0.00620707	0.350331	0.00397763	0.00384339	9.01082e-06	4.57608e-05
72	0.00580634	0.330776	0.0035073	0.00362321	1.88455e-05	2.86012e-16	0.00589149	0.377526	0.00363359	0.00381694	1.03234e-05	4.53206e-05
73	0.00587696	0.222687	0.00372868	0.00349689	1.71029e-05	2.83609e-16	0.00576198	0.223974	0.00378291	0.00346441	1.72041e-05	3.98864e-05
74	0.00580683	0.154778	0.00356278	0.00361282	1.02295e-05	2.77067e-16	0.00566806	0.136281	0.00358434	0.00354204	9.38607e-06	4.30909e-05
75	0.00569695	0.18597	0.00341331	0.00361587	2.06282e-05	2.82601e-16	0.00555729	0.183569	0.00349118	0.00355038	1.34565e-05	4.13409e-05
76	0.0070466	0.529883	0.0042233	0.0044359	0.000148759	2.86718e-16	0.00680688	0.37411	0.00424471	0.00444007	3.69865e-05	5.25965e-05
77	0.00617484	0.269569	0.00386475	0.00385781	1.53627e-05	2.83284e-16	0.00606741	0.269017	0.00395205	0.00381155	1.11316e-05	3.99071e-05
78	0.00640334	0.367567	0.00398903	0.00396339	3.88473e-05	2.85054e-16	0.0063814	0.374754	0.00417151	0.00392587	8.70599e-06	4.66006e-05
79	0.00627378	0.262078	0.00382192	0.00395027	2.65027e-05	2.79221e-16	0.00620059	0.233016	0.00383264	0.00399201	1.61728e-05	4.33358e-05
80	0.00620887	0.214492	0.00379296	0.00401858	1.74996e-05	2.79903e-16	0.00620803	0.228814	0.00387063	0.00403975	1.56541e-05	3.64027e-05
81	0.00733234	0.626096	0.00440244	0.00471953	4.80915e-05	2.82389e-16	0.00739283	0.82026	0.00446864	0.00499468	2.73316e-05	4.95456e-05
82	0.00645093	0.137147	0.00395521	0.00416776	9.33297e-06	2.75951e-16	0.00636214	0.136533	0.0040486	0.00409926	8.27301e-06	3.99746e-05
83	0.00662332	0.175136	0.00405486	0.00419714	2.6925e-05	2.79293e-16	0.00647346	0.178433	0.00402025	0.00422063	2.11088e-05	4.1503e-05
84	0.00667222	0.62542	0.00418595	0.00425084	9.77398e-06	2.83494e-16	0.00666489	0.718166	0.0042574	0.00438391	5.36662e-06	4.03239e-05
85	0.00687883	0.195239	0.00432155	0.00428122	2.13564e-05	2.84679e-16	0.00672387	0.19699	0.0044418	0.00418434	1.24147e-05	4.38203e-05
86	0.00717885	0.416671	0.00426695	0.00471104	3.21444e-05	2.83471e-16	0.0070802	0.417303	0.00430176	0.0048102	1.23039e-05	4.57602e-05
87	0.00812634	0.58739	0.00524306	0.00503523	2.38155e-05	2.84473e-16	0.00809432	0.75143	0.00539286	0.0050936	1.50048e-05	4.81267e-05
88	0.00776657	0.300438	0.00496266	0.0046803	7.1412e-05	2.86945e-16	0.00731332	0.186891	0.00500372	0.00444702	5.7772e-06	4.73456e-05
89	0.00744114	0.355376	0.00454752	0.00480684	1.26292e-05	2.87407e-16	0.00716746	0.32338	0.00467655	0.00454311	1.26779e-05	4.33966e-05
90	0.00764364	0.250161	0.00467645	0.0049474	2.9873e-05	2.81736e-16	0.00729696	0.207632	0.00464752	0.00477281	6.50681e-06	4.55429e-05
91	0.00795033	0.487791	0.00448898	0.00530808	2.29743e-05	2.72075e-16	0.00761618	0.385462	0.00457303	0.00521724	8.66368e-06	4.52893e-05
92	0.00775284	0.221216	0.0049629	0.00489598	1.85608e-05	2.81185e-16	0.00767481	0.222289	0.00490804	0.00510477	1.02831e-05	4.42281e-05
93	0.00959799	0.740236	0.00610424	0.00570452	0.000200758	2.80272e-16	0.0100077	0.827759	0.00637374	0.00638827	2.13074e-05	5.63422e-05
94	0.00917711	0.755928	0.00616077	0.00547573	0.000160261	2.81316e-16	0.00855654	0.515875	0.00592924	0.00525163	1.01272e-05	4.92852e-05
95	0.00724565	0.11806	0.00458311	0.00451285	1.35143e-05	2.79178e-16	0.00703578	0.126411	0.00461174	0.00446121	6.19367e-06	3.92798e-05
96	0.00673562	0.0937964	0.00398443	0.0045224	8.47742e-06	2.80396e-16	0.00668181	0.108623	0.00407649	0.00457123	3.89583e-06	3.7089e-05
97	0.00978495	0.631187	0.00600167	0.00647119	3.02423e-05	2.86343e-16	0.00898284	0.408262	0.00573253	0.00593862	7.84172e-06	5.11932e-05
98	0.00743837	0.149966	0.0047251	0.00481029	7.8538e-06	2.8513e-16	0.00723032	0.147731	0.00465719	0.00475476	5.08851e-06	3.92508e-05
99	0.00689636	0.141586	0.00436053	0.00441078	8.00451e-06	2.78848e-16	0.00673831	0.157975	0.00429055	0.00454445	2.60662e-06	3.37606e-05
100	0.0092056	0.291244	0.00578771	0.00589965	5.35128e-05	2.78487e-16	0.00881411	0.28691	0.00564226	0.00578615	1.31901e-05	4.82976e-05
101	0.00834578	0.36855	0.00558767	0.00474005	6.0732e-05	2.7873e-16	0.00839163	0.366867	0.00565131	0.00506082	5.49652e-05	4.00522e-05
102	0.00954571	0.594082	0.00611936	0.00620982	5.65495e-05	2.84363e-16	0.00938174	0.564833	0.00637306	0.00596318	1.07258e-05	4.58064e-05
103	0.00967993	0.669316	0.0066922	0.00573194	3.33041e-05	2.80504e-16	0.00933826	0.560658	0.00654453	0.00568127	3.27133e-05	4.75375e-05
104	0.00781519	0.212619	0.00502594	0.00489408	8.25694e-06	2.8011e-16	0.00743627	0.212717	0.00493786	0.00468818	2.90253e-06	3.70991e-05
105	0.00658629	0.0713669	0.00410425	0.00428253	4.865e-06	2.81494e-16	0.00646225	0.0721381	0.00413581	0.00431921	1.36791e-06	3.0646e-05
106	0.0078488	0.142405	0.00496244	0.00500748	1.74717e-05	2.80531e-16	0.00776953	0.0998466	0.00499506	0.00522018	8.76282e-06	3.8782e-05
107	0.00821999	0.101228	0.00492405	0.005357	1.20765e-05	2.66182e-16	0.00790547	0.0973874	0.00508046	0.00519705	2.06419e-06	3.95206e-05
108	0.00806902	0.136577	0.00477529	0.00550809	7.8449e-06	2.7956e-16	0.00782682	0.136729	0.00489485	0.00535275	3.74011e-06	3.87589e-05
109	0.0107745	0.812123	0.00720127	0.00649227	3.63891e-05	2.79544e-16	0.0105024	0.801837	0.00724998	0.00641917	4.68692e-06	4.63603e-05
110	0.00855448	0.26864	0.00545367	0.00517964	7.55599e-05	2.77481e-16	0.00810238	0.268371	0.00528636	0.0052598	5.85898e-05	4.33497e-05
111	0.00996928	0.706364	0.00641853	0.00605948	0.000415872	2.81612e-16	0.0102402	0.899351	0.00673338	0.00700224	2.35443e-05	5.57439e-05
112	0.0092492	0.195927	0.00603761	0.00590398	7.4356e-06	2.8256e-16	0.00931868	0.205504	0.00625933	0.00600835	4.34564e-06	3.89362e-05
113	0.00780248	0.0919069	0.00472355	0.00525656	9.47824e-06	2.807e-16	0.00741726	0.0590518	0.00470738	0.00497142	2.17405e-06	3.24852e-05
114	0.00894637	0.211794	0.00573997	0.0056705	1.77658e-05	2.92524e-16	0.00850393	0.157439	0.00565179	0.00555597	3.25064e-06	4.22307e-05
115	0.00850467	0.0807094	0.00539389	0.00540218	1.35999e-05	2.74609e-16	0.00822623	0.0816802	0.00541129	0.00541955	3.49227e-06	3.61028e-05
116	0.0106271	0.318745	0.00674786	0.00692154	8.73198e-05	2.73429e-16	0.00961343	0.327151	0.00649502	0.00635862	7.97161e-06	4.82734e-05
117	0.00918361	0.10968	0.00578586	0.00599969	1.18985e-05	2.8236e-16	0.00904809	0.112877	0.00585718	0.00610442	5.51766e-06	4.23172e-05
118	0.00838184	0.077404	0.00523117	0.00555353	1.14005e-05	2.73933e-16	0.00829756	0.0771822	0.00543396	0.00561744	1.69878e-06	3.69485e-05
119	0.00940679	0.147486	0.0061653	0.00582132	1.80448e-05	2.83837e-16	0.00903958	0.155161	0.00570229	0.00617187	6.14968e-06	5.11725e-05
120	0.00732076	0.050526	0.00445139	0.00486484	8.91275e-06	2.73352e-16	0.0072386	0.0571883	0.00453081	0.00498287	9.90096e-07	3.56253e-05
121	0.0106823	0.177727	0.00720687	0.00664146	1.85201e-05	2.85001e-16	0.0105308	0.177439	0.0073595	0.00650659	4.57816e-06	3.85749e-05
122	0.0111413	0.179862	0.00606313	0.00819796	1.52943e-05	2.80737e-16	0.0110324	0.1792	0.0062998	0.00826424	3.93464e-06	4.53497e-05
123	0.00920775	0.222447	0.00557908	0.00621859	9.98008e-06	2.75694e-16	0.00903976	0.243559	0.00573444	0.00615456	2.8817e-06	3.69937e-05
124	0.00921253	0.118142	0.00544982	0.00616756	1.96642e-05	2.84405e-16	0.00911082	0.0863858	0.00564068	0.00629076	6.22924e-06	3.86694e-05
125	0.0123961	0.682801	0.00672673	0.00827164	0.000793592	2.69955e-16	0.0107509	0.429611	0.00699667	0.00745104	3.40906e-06	6.39535e-05
126	0.0106917	0.137659	0.00682864	0.006791	1.66682e-05	2.80953e-16	0.0103925	0.128112	0.00699784	0.0067267	7.55449e-06	4.91777e-05
127	0.010149	0.227518	0.00619339	0.00684983	1.49201e-05	2.85174e-16	0.00942069	0.136554	0.00652079	0.00590518	3.12087e-06	5.33219e-05
128	0.0113618	0.147314	0.00755092	0.00701417	1.46125e-05	2.90088e-16	0.0110971	0.141931	0.00736087	0.00724463	2.13572e-06	4.79018e-05
129	0.0103447	0.160458	0.00645191	0.00686005	2.31694e-05	2.91175e-16	0.00990536	0.161444	0.00626773	0.00677491	6.53604e-06	3.67682e-05
130	0.00965704	0.0822503	0.00637355	0.00619921	7.52829e-06	2.62772e-16	0.00917095	0.088985	0.00615485	0.00591466	8.41502e-07	3.66306e-05
131	0.00966189	0.302915	0.00566677	0.00680631	5.89634e-06	2.65056e-16	0.00969299	0.302728	0.00592535	0.00682866	1.35689e-06	3.59254e-05
132	0.00928053	0.0650558	0.00578413	0.00584622	1.48961e-05	2.99042e-16	0.0090522	0.0633015	0.00611671	0.00566919	2.30721e-06	3.80345e-05
133	0.0105	0.214282	0.00717991	0.00634858	1.4838e-05	2.58369e-16	0.00997448	0.2149	0.00706706	0.00587907	5.24845e-06	4.34234e-05
134	0.0113251	0.255275	0.00748665	0.00712173	1.20885e-05	2.91981e-16	0.0113089	0.253811	0.0075512	0.0075672	1.68602e-06	4.33214e-05
135	0.00877204	0.0511756	0.0055044	0.0058157	6.70695e-06	2.86197e-16	0.00830844	0.0350684	0.0053877	0.00553179	5.52191e-07	3.55658e-05
136	0.00992883	0.130473	0.00579233	0.00672448	1.42557e-05	2.80971e-16	0.00953936	0.101968	0.00576869	0.00663639	1.58546e-06	4.0204e-05
137	0.0162935	0.382576	0.0110566	0.00911594	0.000133635	2.79755e-16	0.0148945	0.378595	0.0106135	0.00862413	8.50063e-06	7.40338e-05
138	0.010571	0.0799651	0.00707328	0.00662747	9.75987e-06	2.65975e-16	0.00986178	0.0709737	0.00704306	0.00609456	7.56781e-07	4.95735e-05
139	0.0124972	0.0780208	0.00821858	0.00806332	1.16163e-05	2.66001e-16	0.0123226	0.0779351	0.00844844	0.00798093	3.20904e-06	3.6435e-05
140	0.0159409	0.306184	0.0115003	0.00935309	2.36959e-05	2.76096e-16	0.015311	0.302922	0.0112277	0.00922384	8.02938e-06	4.90757e-05
141	0.00926837	0.0850392	0.00604992	0.00578742	8.52939e-06	2.89286e-16	0.008941	0.0869307	0.00611386	0.00585403	6.37423e-07	3.52237e-05
142	0.0131475	0.106252	0.00828738	0.00852552	2.71733e-05	2.75476e-16	0.012965	0.101947	0.00899476	0.00821411	2.862e-06	5.00263e-05
143	0.0117221	0.159944	0.00799257	0.00731229	1.09681e-05	2.62219e-16	0.0119889	0.214121	0.0083032	0.00773659	3.56782e-06	3.83057e-05
144	0.00938463	0.081073	0.00628082	0.00579634	6.23041e-06	2.91446e-16	0.00902312	0.0676905	0.00617293	0.00565223	1.42424e-06	2.94099e-05
145	0.0140694	0.101009	0.00895979	0.00884396	3.23347e-05	2.84708e-16	0.0133701	0.101935	0.00926246	0.00813404	6.06432e-06	5.38321e-05
146	0.0107792	0.0987968	0.00712939	0.00686388	7.41642e-06	2.6527e-16	0.0106676	0.0960142	0.007412	0.00678284	1.07712e-06	3.66817e-05
147	0.0174617	0.573247	0.0112814	0.0115534	3.51825e-05	2.99441e-16	0.0162331	0.493189	0.0100347	0.0118329	2.20862e-06	7.49524e-05
148	0.0128734	0.102992	0.00790465	0.008632	2.09197e-05	2.88673e-16	0.0123819	0.0785835	0.00801029	0.008389	5.70062e-07	4.10709e-05
149	0.012421	0.0780192	0.00752025	0.00856318	1.04988e-05	2.94643e-16	0.0119477	0.0780284	0.00742679	0.00846584	1.19165e-06	4.27232e-05
150	0.0123219	0.178962	0.00749255	0.00847293	1.38275e-05	2.64297e-16	0.0119554	0.178711	0.00803366	0.00797164	1.44997e-06	4.40035e-05
151	0.0115178	0.0580849	0.00813764	0.00693894	1.12243e-05	2.64447e-16	0.0113848	0.058338	0.00792407	0.00728652	5.03705e-07	3.77358e-05
152	0.013153	0.0514904	0.00879945	0.00833888	1.1478e-05	2.67416e-16	0.012935	0.0508016	0.00895628	0.00831187	7.886e-07	4.69167e-05
153	0.023069	0.541288	0.0164432	0.0144241	1.79888e-05	2.86377e-16	0.0228503	0.527779	0.0170035	0.0134749	5.64292e-06	5.38986e-05
154	0.0160818	0.373805	0.0103198	0.0109987	1.51907e-05	3.00215e-16	0.0159888	0.376247	0.0105809	0.0109885	8.08648e-06	4.06028e-05
155	0.0103714	0.046516	0.00659623	0.00668177	1.3106e-05	2.94862e-16	0.0102265	0.0442137	0.00692999	0.00667372	4.15836e-07	3.90649e-05
156	0.0170688	0.181502	0.0108203	0.0110236	4.58266e-05	2.81411e-16	0.0174049	0.157783	0.0111331	0.0114711	9.18239e-07	4.56881e-05
157	0.011929	0.0737015	0.00774632	0.00741754	1.71831e-05	2.96585e-16	0.0116678	0.0632456	0.00809961	0.00738996	7.46135e-07	4.66457e-05
158	0.0138796	0.0808343	0.00935277	0.00814205	2.66694e-05	2.75533e-16	0.0131468	0.0669282	0.00975587	0.00747966	7.59357e-07	5.79461e-05
159	0.0147406	0.0825784	0.00968211	0.00965865	1.5493e-05	2.77429e-16	0.0153639	0.08267	0.0104128	0.0103367	5.49622e-07	4.45728e-05
160	0.017756	0.0982129	0.0108873	0.0121415	3.06327e-05	2.80122e-16	0.017422	0.113385	0.0112373	0.0119512	1.15952e-06	5.43658e-05
161	0.0134792	0.0861706	0.00833241	0.00865746	1.82108e-05	2.85846e-16	0.013847	0.0907643	0.00918975	0.00906701	5.68513e-07	5.34061e-05
162	0.0139699	0.15516	0.00809662	0.00983526	1.16604e-05	2.98113e-16	0.013832	0.14725	0.00808384	0.0102576	7.79016e-07	4.27702e-05
163	0.0131477	0.0708319	0.00881338	0.00805979	1.57303e-05	2.67321e-16	0.0130829	0.0550157	0.00891442	0.00826486	3.60929e-07	4.58273e-05
164	0.0154425	0.0768894	0.00927494	0.0103146	2.84024e-05	2.89055e-16	0.0155684	0.0684925	0.00996149	0.0105333	7.56868e-07	3.91899e-05
165	0.0128044	0.0411774	0.00873689	0.00787245	9.2862e-06	2.99192e-16	0.0130123	0.0439329	0.00869936	0.00861603	3.2346e-07	4.29705e-05
166	0.0161263	0.0814663	0.0109216	0.0101973	1.14907e-05	2.74836e-16	0.0163476	0.116331	0.0117048	0.0100842	8.931e-07	4.2682e-05
167	0.012284	0.0511796	0.00737701	0.00840261	2.08386e-05	2.81573e-16	0.0128121	0.0731468	0.0078574	0.00915321	3.78282e-07	3.69936e-05
168	0.0154333	0.081956	0.0101848	0.00879551	8.67675e-05	2.95925e-16	0.0151018	0.0957859	0.00986634	0.0102123	5.54689e-07	5.57212e-05
169	0.0150787	0.0644038	0.0104384	0.00868724	2.72201e-05	2.91302e-16	0.0145105	0.0602318	0.0108154	0.00824585	4.3968e-07	6.08321e-05
170	0.0156412	0.0583811	0.00939673	0.010946	1.73908e-05	2.92711e-16	0.0157866	0.0625108	0.00972036	0.0112482	1.92944e-07	4.80642e-05
171	0.0119487	0.0304042	0.00781231	0.0075182	7.64328e-06	2.68795e-16	0.0117588	0.0349527	0.00779024	0.00773701	4.99764e-07	3.71722e-05
172	0.0223399	0.217627	0.0166118	0.0123491	8.58442e-06	2.91751e-16	0.0220342	0.210277	0.0162984	0.0127075	7.40998e-07	4.30722e-05
173	0.0153155	0.0597105	0.00937332	0.00984309	2.71371e-05	2.86937e-16	0.0178405	0.19309	0.0102263	0.0128619	1.04523e-06	7.06106e-05
174	0.0167826	0.0595142	0.0115	0.0106401	1.87294e-05	2.67508e-16	0.0160485	0.0521649	0.0123697	0.00921827	9.41987e-07	5.61241e-05
175	0.0165406	0.0493855	0.0119377	0.00913473	3.85462e-05	2.84422e-16	0.0159168	0.0461747	0.0122514	0.00899441	2.97827e-07	5.02334e-05
176	0.018569	0.125489	0.0122442	0.0109374	6.79307e-05	2.86166e-16	0.0167146	0.12836	0.0121875	0.0101105	4.68841e-07	5.87604e-05
177	0.0241578	0.188221	0.017416	0.0143684	1.89733e-05	3.00475e-16	0.0244508	0.185979	0.0181338	0.014223	5.18672e-07	7.86061e-05
178	0.018013	0.0750769	0.0131832	0.0098804	2.88965e-05	2.94967e-16	0.0181627	0.0723051	0.0137091	0.0101258	4.16508e-07	4.786e-05
179	0.0177394	0.152517	0.0117974	0.0104028	5.23836e-05	2.76216e-16	0.0176262	0.167689	0.0124801	0.0107917	3.93775e-07	5.26243e-05
180	0.0181484	0.0881319	0.0106682	0.0121832	4.19699e-05	2.84005e-16	0.0182677	0.0731216	0.0115302	0.0123836	4.30525e-07	5.43229e-05
181	0.0149885	0.0762564	0.00953247	0.0102489	1.6112e-05	2.93392e-16	0.0148813	0.0745984	0.00992614	0.0101316	4.42225e-07	3.22054e-05
182	0.0165255	0.0569376	0.0108809	0.0115149	1.52565e-05	2.95321e-16	0.0173038	0.0759831	0.0117082	0.0118062	6.35222e-07	4.43982e-05
183	0.0278947	0.273444	0.0179964	0.0192713	0.000142347	2.50832e-16	0.0296733	0.288357	0.0206196	0.0198642	7.20271e-06	5.70153e-05
184	0.014577	0.0318229	0.00916403	0.00981572	1.1889e-05	2.57663e-16	0.0148555	0.0352198	0.00910476	0.0102691	2.75649e-07	3.81157e-05
185	0.0246099	0.0582059	0.0179944	0.0135027	9.72751e-06	2.61694e-16	0.0240257	0.0551459	0.017918	0.0130573	1.84705e-07	4.29776e-05
186	0.0244147	0.176306	0.0177138	0.0139174	6.82399e-05	2.46506e-16	0.0253557	0.256409	0.019238	0.0151489	1.30903e-06	7.86627e-05
187	0.0204553	0.0532706	0.0145031	0.0118237	4.08323e-05	2.60408e-16	0.0192103	0.0456457	0.0141849	0.0108897	2.55755e-07	6.77378e-05
188	0.0179329	0.0576179	0.011792	0.0112716	5.19079e-05	2.6665e-16	0.0161515	0.0467215	0.0113908	0.01023	2.04249e-07	6.84302e-05
189	0.0207493	0.0633108	0.0141974	0.011692	9.24167e-05	2.48749e-16	0.020546	0.0694686	0.0151173	0.0121373	2.00423e-07	7.58196e-05
190	0.0218904	0.112374	0.0153798	0.0133238	1.44977e-05	2.8685e-16	0.0232198	0.113386	0.0160026	0.014667	7.34297e-07	4.72473e-05
191	0.0197994	0.0548835	0.0123834	0.0133088	2.21388e-05	2.63302e-16	0.0197414	0.067833	0.0128597	0.0134116	3.02832e-07	5.07331e-05
192	0.0182424	0.0515411	0.0133741	0.0107018	6.20351e-06	2.59766e-16	0.0172346	0.048906	0.013114	0.0100931	1.8121e-07	4.05747e-05
193	0.0217441	0.0743442	0.0125702	0.0151633	5.16737e-05	2.72179e-16	0.0201729	0.0440136	0.0143618	0.0130359	5.10765e-07	6.87546e-05
194	0.0273537	0.142962	0.0180879	0.0172138	3.40102e-05	2.67862e-16	0.0277305	0.134689	0.0184946	0.0181701	1.00647e-06	6.62926e-05
195	0.0218481	0.0832433	0.016029	0.012415	5.26642e-05	2.36669e-16	0.0216484	0.0845551	0.0156043	0.0132123	1.22828e-07	6.6895e-05
196	0.0266161	0.0683441	0.0196069	0.015153	4.4003e-05	2.54026e-16	0.0260977	0.0580198	0.020577	0.0140908	6.34473e-07	7.84528e-05
197	0.0219482	0.0766209	0.016215	0.0114352	7.55069e-05	2.929e-16	0.0215999	0.0721629	0.0167664	0.0121236	1.38736e-07	5.83987e-05
198	0.0305579	0.064461	0.0179022	0.0207417	4.32837e-05	3.29647e-16	0.0339518	0.0889856	0.0196742	0.0250907	2.19593e-07	8.40651e-05
199	0.0281688	0.0994821	0.0178167	0.0196499	8.39623e-06	2.74068e-16	0.0271915	0.0914315	0.0178643	0.0182963	3.11325e-07	6.07279e-05
200	0.0288049	0.139074	0.016751	0.0208466	0.000101878	2.63771e-16	0.0248267	0.10262	0.0165392	0.0170153	9.09566e-07	8.71816e-05
201	0.0216185	0.0750623	0.015056	0.0133079	2.14887e-05	2.74732e-16	0.0229803	0.079912	0.0166531	0.0131006	1.82081e-07	4.68867e-05
202	0.0289863	0.107736	0.0201106	0.0183288	2.04228e-05	2.66968e-16	0.026577	0.099672	0.0203918	0.0149981	4.65172e-07	6.24136e-05
203	0.0204888	0.0440741	0.0127535	0.0139495	1.04274e-05	2.93323e-16	0.0211008	0.0434064	0.0128039	0.0150389	1.86153e-07	3.55156e-05
205	0.0262187	0.0890571	0.0173374	0.0157049	9.26457e-05	3.24328e-16	0.0267315	0.0944976	0.0191192	0.0156879	6.42108e-07	6.00782e-05
206	0.0259918	0.0619631	0.0181519	0.0149075	4.94039e-05	2.59118e-16	0.0274384	0.0611685	0.0179301	0.0180452	6.85325e-07	6.14844e-05
207	0.0319701	0.0762173	0.0227316	0.0195967	5.34726e-05	2.90662e-16	0.0307047	0.103396	0.0221299	0.0194989	2.26193e-07	7.80956e-05
208	0.0292473	0.127436	0.0139627	0.0221711	0.000265686	2.47653e-16	0.0284425	0.0886006	0.018098	0.0202614	1.83272e-07	9.02283e-05
210	0.0248407	0.0574011	0.0170404	0.0151859	3.38599e-05	3.11861e-16	0.0235159	0.057028	0.0152791	0.0159714	9.92753e-07	4.88414e-05
211	0.0350401	0.0903576	0.0274469	0.0179825	0.000155603	2.38005e-16	0.0350156	0.0959858	0.0290832	0.0180351	1.70398e-07	7.80898e-05
212	0.0367182	0.190448	0.0250344	0.0235537	5.43241e-05	3.2086e-16	0.0344879	0.144353	0.0229776	0.0229147	1.59532e-06	7.35636e-05
215	0.0234436	0.0518096	0.0181104	0.0111678	2.93426e-05	2.72225e-16	0.0231939	0.0530012	0.0179682	0.0114888	1.835e-07	5.35184e-05
216	0.0324059	0.124829	0.0246387	0.0177851	3.69224e-05	3.23433e-16	0.0320263	0.118538	0.0255146	0.0166896	2.18222e-06	5.15795e-05
220	0.032604	0.088334	0.020718	0.0212075	8.27189e-05	2.62155e-16	0.0310405	0.0626522	0.0223838	0.0190815	2.29698e-07	8.82069e-05
221	0.0459885	0.200201	0.0301986	0.0281335	8.95198e-05	2.59338e-16	0.0447504	0.228768	0.0302416	0.0287483	1.49012e-07	0.00011773
223	0.0244758	0.0728649	0.0142571	0.0163613	2.51909e-05	3.08155e-16	0.0244078	0.0902006	0.0132096	0.017717	2.00412e-07	4.40893e-05
228	0.0366287	0.140652	0.0224798	0.0246905	0.000243326	2.90071e-16	0.0330818	0.091716	0.0228924	0.0199827	1.76982e-07	6.96949e-05
