FocalLength	QR_Kcost	maxQR_Kcost	QR_Focalcost	QR_PPcost	QR_Skewcost	QR_RRtcost	IAC_Kcost	maxIAC_Kcost	IAC_Focalcost	IAC_PPcost	IAC_Skewcost	IAC_RRtcost
4	0.000424422	0.00254699	0.000263439	0.000256368	3.41748e-08	2.64995e-16	0.000444193	0.00292618	0.000289892	0.000273568	2.3374e-08	5.23614e-05
5	0.000430675	0.00362809	0.000253365	0.000266299	5.96424e-08	2.96304e-16	0.00043833	0.0028859	0.000244463	0.000285236	6.06087e-08	4.36222e-05
6	0.000851193	0.0489641	0.000506269	0.000551592	5.56298e-07	2.72977e-16	0.000809417	0.0395597	0.000510829	0.000476476	1.11011e-06	7.3297e-05
7	0.000661391	0.0145277	0.000373744	0.000393345	5.66837e-07	2.76812e-16	0.000676992	0.014524	0.000377114	0.000405641	6.40861e-07	4.88899e-05
8	0.000792245	0.0125635	0.000467791	0.000471364	3.97939e-07	2.88198e-16	0.000818348	0.0144133	0.000505152	0.000473994	4.14067e-07	5.24422e-05
9	0.000926126	0.0423856	0.00055251	0.000551303	6.87812e-07	2.80508e-16	0.000939919	0.0492669	0.000566356	0.000567991	6.60572e-07	4.63587e-05
10	0.00108711	0.0316447	0.000655761	0.000651292	6.44039e-07	2.87044e-16	0.00164607	0.628124	0.000873971	0.00116632	1.03258e-05	0.000134035
11	0.0204514	14.5802	0.0174109	0.00935763	0.0134928	2.79604e-16	2.85071	3522.66	2.36762	0.0531788	2625.8	0.00335799
12	0.00112865	0.0265943	0.000657596	0.000679125	1.06461e-06	2.79013e-16	0.00112977	0.0306558	0.000661012	0.000691747	1.07653e-06	4.48306e-05
13	0.0345775	72.0209	0.0203906	0.0265616	0.126135	2.80629e-16	6.82276	14754.9	6.74657	0.0743069	2209.1	0.00118102
14	0.00138576	0.095198	0.000834277	0.000831404	2.07612e-06	2.80347e-16	0.00139501	0.0978039	0.000835388	0.000843761	2.75693e-06	4.83819e-05
15	0.00132543	0.0303852	0.000799112	0.000788512	8.91404e-07	2.78439e-16	0.00134184	0.0304096	0.000815348	0.000808448	9.03031e-07	4.58954e-05
16	0.00772507	19.4202	0.00662937	0.0019109	0.0150452	2.77935e-16	0.134142	414.157	0.100464	0.00312587	23.9623	0.000832449
17	0.00160185	0.0575258	0.000924221	0.000982774	1.62655e-06	2.78996e-16	0.00176629	0.575215	0.00101381	0.00111054	2.77504e-05	6.10305e-05
18	0.0313645	85.1242	0.0216558	0.0201195	0.231701	2.83991e-16	0.388907	786.907	0.282507	0.0138345	114.195	0.00123057
19	0.00173765	0.0459035	0.00101149	0.00106775	1.60516e-06	2.8412e-16	0.00243282	1.92139	0.0010971	0.00157601	0.000542106	9.86984e-05
20	0.00839293	26.455	0.00683586	0.00415333	0.00178879	2.82643e-16	0.0453228	177.065	0.0442652	0.00329857	0.0265623	0.000484084
21	0.0020671	0.054432	0.00122477	0.00122503	3.94757e-06	2.80675e-16	0.00226981	1.0161	0.00128289	0.00137132	0.000111732	6.54559e-05
22	0.015585	31.0677	0.0106319	0.0107726	0.00642668	2.80414e-16	0.477248	1858.94	0.473068	0.0129639	1.50727	0.000945038
23	0.0022427	0.0642731	0.00131649	0.00135172	3.51835e-06	2.79299e-16	0.00263704	1.65344	0.0014089	0.00166059	0.000214852	7.42099e-05
24	0.0120834	45.5964	0.00653586	0.00967776	0.000199243	2.77991e-16	0.136378	627.002	0.10241	0.0078348	36.1174	0.000575357
25	0.0110338	42.1029	0.00673456	0.00823924	0.000601916	2.80877e-16	0.775768	3757.31	0.766424	0.0109659	60.8246	0.000558417
26	0.00254928	0.165025	0.00148449	0.00154043	5.63481e-06	2.79763e-16	0.00256735	0.167336	0.0015114	0.00156434	4.58575e-06	5.23097e-05
27	0.00250426	0.160626	0.00151884	0.00149661	3.43803e-06	2.79078e-16	0.00309666	1.11142	0.00172391	0.00186493	0.000250886	8.04387e-05
28	0.00269275	0.164997	0.00156114	0.00162728	7.88377e-06	2.78454e-16	0.00276485	0.197676	0.00162501	0.00168888	6.31178e-06	5.07046e-05
29	0.0474127	172.379	0.0244394	0.0227229	3.7794	2.78236e-16	13.5967	65508.1	13.2038	0.107124	44582	0.00105918
30	0.0167808	67.6798	0.0106309	0.0104757	0.179706	2.79073e-16	0.186665	897.821	0.18496	0.0133162	0.110476	0.000331217
31	0.0106439	37.4951	0.00929852	0.00281779	0.00574895	2.7693e-16	0.111621	528.431	0.110171	0.00394329	0.0137103	0.000319966
32	0.0127998	47.447	0.00746858	0.00776159	0.136866	2.79124e-16	0.132933	634.279	0.131401	0.00623942	0.0503136	0.000333715
33	0.0129146	44.85	0.00979824	0.00709075	0.0223083	2.79993e-16	0.0817456	364.622	0.0789471	0.00620706	0.981432	0.000487677
34	0.0179357	68.3816	0.00994291	0.0142284	0.00202801	2.80793e-16	0.202461	927.825	0.158657	0.00428933	70.3875	0.000574635
35	0.00321626	0.254734	0.00190517	0.00193953	6.70512e-06	2.85881e-16	0.00384607	2.26732	0.00212335	0.00244915	0.000198573	7.15912e-05
36	0.0332747	131.16	0.0107085	0.0182587	2.43048	2.84321e-16	4.02455	17715.2	1.43096	0.0333955	62230.3	0.000617345
37	0.00370669	0.204497	0.00218105	0.00224463	1.64049e-05	2.82956e-16	0.00447228	2.04147	0.00243197	0.00296211	0.000184867	8.26327e-05
38	0.0583277	125.763	0.0267389	0.045241	0.501667	2.83063e-16	3.08107	8262.04	3.07064	0.0471102	86.5181	0.00164596
39	0.0357841	136.794	0.006391	0.0179981	3.25085	2.82443e-16	45.171	192591	43.7794	0.185622	526885	0.000642155
40	0.0332536	125.059	0.00447112	0.0173244	2.71329	2.83655e-16	0.964742	4062.16	0.960344	0.0446592	15.662	0.000378005
41	0.00383862	0.11762	0.00229313	0.00236532	8.30463e-06	2.84232e-16	0.00443192	2.4072	0.00250233	0.00272903	0.000724067	6.93295e-05
42	0.0556732	72.8953	0.0379456	0.0375083	0.21739	2.83227e-16	12.9894	33488.9	11.0653	0.139373	112832	0.00192263
43	0.00406927	0.208271	0.00241034	0.00247549	1.32297e-05	2.84722e-16	0.00484253	2.0687	0.00287108	0.00280654	0.000666433	7.46639e-05
44	0.00396944	0.130024	0.00232245	0.00241904	8.69428e-06	2.78704e-16	0.00401007	0.162882	0.00238029	0.00246664	8.46982e-06	4.71229e-05
45	0.0562782	120.446	0.0316252	0.0434476	0.0239837	2.81783e-16	1.10148	3421.52	0.93286	0.0518461	1031.8	0.00126865
46	0.0675524	95.6793	0.0439865	0.045378	0.185976	2.80225e-16	3.12579	6486.8	2.93668	0.0704616	781.047	0.00194064
47	0.0238417	67.3087	0.0205785	0.0099414	0.00790754	2.81453e-16	1.16598	4003.74	0.934688	0.0256646	1652.24	0.000775223
48	0.0449628	81.5266	0.026348	0.0223147	0.860493	2.82451e-16	1.7398	3419.35	1.25509	0.0391044	2528.01	0.00134476
49	0.00435601	0.142301	0.00259149	0.00263917	1.36025e-05	2.77713e-16	0.00580622	1.93453	0.00315296	0.0037622	0.000706109	9.36877e-05
50	0.0298807	78.9223	0.0158999	0.017693	0.760361	2.76249e-16	3.99735	12525.6	3.99444	0.0519424	7.33342	0.000648367
51	0.0316263	80.6219	0.0158134	0.0244027	0.28628	2.7875e-16	1.35286	4009.82	1.31776	0.0194575	262.625	0.000870605
52	0.00467008	0.185006	0.00288604	0.00284831	8.9929e-06	2.78638e-16	0.00493192	0.946494	0.00323439	0.00283649	2.06743e-05	5.51888e-05
53	0.00484263	0.326167	0.00290003	0.00295895	1.6605e-05	2.81731e-16	0.00485231	0.295031	0.00295803	0.00305451	1.04816e-05	5.09307e-05
54	0.00484489	0.143613	0.00286906	0.00297498	1.70461e-05	2.82764e-16	0.00480692	0.126634	0.00290893	0.00296804	1.37126e-05	4.60448e-05
55	0.00508337	0.281811	0.00296054	0.00317209	2.49109e-05	2.79322e-16	0.00508464	0.279299	0.00304664	0.00316726	3.7206e-05	5.14123e-05
56	0.00461911	0.0936649	0.00276365	0.00287629	9.07278e-06	2.7967e-16	0.00466194	0.0976169	0.0028581	0.00293651	7.83204e-06	4.30125e-05
57	0.0429791	93.1201	0.023621	0.0311757	0.543609	2.7808e-16	0.551812	1354.06	0.534203	0.0251037	40.3889	0.00103286
58	0.00527261	0.16721	0.00323349	0.00319527	1.52315e-05	2.80358e-16	0.00526696	0.1674	0.00329649	0.00323532	1.21179e-05	4.62938e-05
59	0.0562369	111.192	0.0229285	0.0499257	0.0455548	2.7572e-16	31.8758	69732.5	28.3561	0.246778	463390	0.00116787
60	0.0051959	0.16877	0.00317038	0.0031953	1.11734e-05	2.74341e-16	0.00530113	0.395475	0.00330754	0.00323734	5.07379e-05	4.70217e-05
61	0.00576123	0.147678	0.00349444	0.00358752	1.72482e-05	2.73882e-16	0.00582639	0.208235	0.00363026	0.00365743	2.10871e-05	5.08806e-05
62	0.00547372	0.194142	0.00327714	0.00337618	2.29332e-05	2.79584e-16	0.00552499	0.189273	0.00335047	0.00345291	2.14192e-05	4.50804e-05
63	0.0057108	0.202155	0.00354319	0.00346142	1.84617e-05	2.79242e-16	0.00621388	1.12469	0.00401448	0.0038897	9.88982e-06	6.3846e-05
64	0.00603524	0.285056	0.00365914	0.00374922	2.91837e-05	2.81713e-16	0.00665889	1.35949	0.00386405	0.00435932	0.000199453	6.43453e-05
65	0.00544956	0.142526	0.00334825	0.00338419	1.36927e-05	2.80605e-16	0.00538298	0.144394	0.00335534	0.00342165	6.57651e-06	4.14783e-05
66	0.00555644	0.131978	0.00328057	0.00349305	1.36249e-05	2.81295e-16	0.00555292	0.203537	0.0033708	0.00353963	1.79894e-05	4.55701e-05
67	0.00556592	0.110669	0.00342983	0.00341885	1.70611e-05	2.77733e-16	0.00550563	0.116131	0.00345375	0.00345735	1.1927e-05	4.3556e-05
68	0.00619592	0.624504	0.0038388	0.00384543	1.71166e-05	2.78915e-16	0.00620917	0.78252	0.00389344	0.00398279	1.03595e-05	4.54133e-05
69	0.00587039	0.270134	0.00351104	0.0036571	3.08084e-05	2.74407e-16	0.00577822	0.212813	0.00362228	0.00362212	1.65711e-05	4.69202e-05
70	0.00605868	0.134834	0.00375767	0.00370049	1.44522e-05	2.84377e-16	0.00593225	0.132375	0.00382139	0.00362615	9.96392e-06	4.4775e-05
71	0.0633465	87.9436	0.0587218	0.0178024	0.0582273	2.8041e-16	4.20463	6519.66	3.60278	0.0618932	7252.31	0.00162585
72	0.00628321	0.110786	0.0038128	0.00397845	1.39464e-05	2.80759e-16	0.00694614	1.11404	0.00420514	0.00453052	0.000146791	6.43258e-05
73	0.00626158	0.10024	0.00392451	0.00383153	1.05664e-05	2.81932e-16	0.00611906	0.0907159	0.00388471	0.00382245	8.22342e-06	4.2202e-05
74	0.00659626	0.193668	0.00425766	0.00392796	2.38038e-05	2.81788e-16	0.00655942	0.236411	0.00424669	0.00407556	1.46649e-05	4.77433e-05
75	0.00636424	0.190133	0.00403043	0.00391035	1.52981e-05	2.83593e-16	0.00637444	0.210566	0.00410545	0.00402024	9.0628e-06	4.10973e-05
76	0.00655057	0.189519	0.00403042	0.00410489	1.93514e-05	2.81438e-16	0.0064135	0.168384	0.00408555	0.00404235	1.31283e-05	4.82018e-05
77	0.0070932	0.320801	0.00442169	0.00436024	5.2028e-05	2.84751e-16	0.00705817	0.305666	0.00464641	0.00435798	1.36235e-05	4.58916e-05
78	0.00735239	0.308586	0.00457894	0.00466013	1.86518e-05	2.84019e-16	0.00732695	0.308404	0.00466721	0.00474048	1.07421e-05	4.65269e-05
79	0.00701703	0.253852	0.00421958	0.0043901	4.59991e-05	2.83107e-16	0.00680748	0.257663	0.00426538	0.00435895	2.74041e-05	4.66046e-05
80	0.27096	296.697	0.0706928	0.250377	5.36736	2.85816e-16	27.8301	31245.7	27.8033	0.377284	1372.71	0.00222687
81	0.0069237	0.231059	0.00428578	0.00440059	2.5951e-05	2.81846e-16	0.0107663	4.4695	0.00594983	0.00787131	0.0015603	0.000119405
82	0.00642778	0.243045	0.00392932	0.00412361	1.12082e-05	2.81538e-16	0.00825301	2.08523	0.0048255	0.00589581	8.97199e-05	8.19146e-05
83	0.115967	104.373	0.111905	0.0161235	0.169526	2.78882e-16	5.9767	5701.53	5.62262	0.140909	3874.8	0.00260557
84	0.00654249	0.167512	0.0041358	0.00414937	8.82135e-06	2.84788e-16	0.00637499	0.1365	0.00411166	0.00404297	6.71471e-06	4.13853e-05
85	0.14268	125.844	0.11645	0.0804204	0.0535621	2.81484e-16	15.7688	14580.2	13.068	0.138265	71933.8	0.00269015
86	0.0071496	0.157079	0.0046529	0.00429973	1.70873e-05	2.80041e-16	0.00691688	0.14436	0.00464342	0.00425691	1.19722e-05	4.14961e-05
87	0.0075445	0.294411	0.00452364	0.00496732	1.80635e-05	2.8408e-16	0.00736007	0.30441	0.00465048	0.00484392	9.56423e-06	4.43217e-05
88	0.537869	443.014	0.502307	0.136576	13.6533	2.8543e-16	48.7121	40668.5	48.7086	0.178005	48.4003	0.00207342
89	0.00711027	0.272714	0.00454974	0.00450297	1.50142e-05	2.8431e-16	0.0110991	3.4905	0.00618341	0.00831603	0.000100059	0.000111109
90	0.315271	145.564	0.218476	0.178125	2.67909	2.79484e-16	13.9201	10461	12.9052	0.143157	20327.2	0.00499541
91	0.00789226	0.227526	0.00473508	0.00537842	1.55042e-05	2.75108e-16	0.00785473	0.280109	0.00485296	0.00534654	1.9258e-05	4.6942e-05
92	0.00795003	0.613282	0.0051067	0.00515715	1.69041e-05	2.81782e-16	0.0076505	0.452208	0.00497466	0.00493489	1.76403e-05	4.54243e-05
93	2.88815	2022.18	2.4214	1.01135	1014.08	2.79817e-16	20.6685	14504.1	17.8612	0.301824	75775.7	0.00215536
94	0.0078939	0.238693	0.00490751	0.00521088	1.16426e-05	2.74711e-16	0.00779498	0.240275	0.00493042	0.0051531	2.67485e-05	4.40847e-05
95	0.00787973	0.295096	0.0050109	0.00507095	9.62952e-06	2.85937e-16	0.00773481	0.32013	0.00498276	0.00512742	6.27774e-06	4.31125e-05
96	0.00749375	0.315469	0.00488884	0.00462391	2.01243e-05	2.7844e-16	0.00727205	0.331607	0.00498199	0.00451269	4.74119e-06	3.89156e-05
97	0.00816059	0.205295	0.00471849	0.00547179	3.51985e-05	2.86127e-16	0.00788011	0.207543	0.00483105	0.0054192	7.04883e-06	4.10342e-05
98	0.00744977	0.200125	0.00480712	0.00450823	7.87845e-06	2.7682e-16	0.0106214	2.12348	0.00624494	0.00761986	0.000169006	9.04154e-05
99	0.00824148	0.687815	0.00527215	0.00531501	1.48671e-05	2.8367e-16	0.00813326	0.764147	0.00552211	0.00521977	3.15663e-05	4.68855e-05
100	0.00813514	0.243207	0.00507218	0.00531897	2.19236e-05	2.76961e-16	0.00797218	0.283884	0.00509726	0.00530052	3.70758e-06	4.61098e-05
101	0.00787347	0.1436	0.00496752	0.00494135	2.89385e-05	2.74112e-16	0.00790514	0.13703	0.00510789	0.00497623	3.78212e-05	3.97331e-05
102	0.00858669	0.28751	0.00583346	0.0051226	3.63812e-05	2.74925e-16	0.00826779	0.318452	0.00590015	0.00503961	3.97174e-06	4.7296e-05
103	0.00894609	0.265631	0.00550693	0.00580979	4.22422e-05	2.76566e-16	0.00876961	0.225724	0.00598381	0.00548755	1.56692e-05	5.28692e-05
104	0.00863557	0.187146	0.00539496	0.00558157	9.63479e-06	2.84306e-16	0.00851889	0.183394	0.00556424	0.00554027	9.2348e-06	4.35527e-05
105	0.0086253	0.353931	0.00519807	0.00569402	3.12258e-05	2.76949e-16	0.00868892	0.360666	0.00544452	0.00586163	2.1305e-05	3.96618e-05
106	0.00763268	0.108962	0.00465666	0.00506434	7.53606e-06	2.79873e-16	0.00742708	0.111902	0.00479416	0.00487813	3.51249e-06	3.93336e-05
107	0.00810336	0.0716531	0.00491554	0.00540466	1.2105e-05	2.77286e-16	0.00782683	0.089318	0.00494096	0.00531471	3.52791e-06	4.25937e-05
108	0.00800146	0.221219	0.00536432	0.00481268	9.91044e-06	2.8016e-16	0.00759543	0.154776	0.00536032	0.00455234	3.07927e-06	3.72959e-05
109	0.0107299	0.446537	0.00672663	0.00665839	0.000101346	2.8677e-16	0.0107234	0.599053	0.00666633	0.00705925	1.42726e-05	6.1393e-05
110	0.00881527	0.179383	0.00528452	0.0059668	7.19324e-06	2.83245e-16	0.00899667	0.268625	0.00543942	0.00624489	3.53787e-06	4.63202e-05
111	0.00817125	0.138813	0.0050413	0.00532609	2.38135e-05	2.79205e-16	0.00779244	0.165032	0.00481333	0.00529987	1.07246e-05	3.71211e-05
112	0.00818646	0.130953	0.00507265	0.00542425	1.37283e-05	2.84721e-16	0.00811711	0.128854	0.00528118	0.0053411	9.54511e-06	3.66759e-05
113	0.0098655	0.172143	0.00628522	0.00623546	5.97533e-05	2.78931e-16	0.0302912	6.96889	0.0184699	0.0076281	0.0984932	0.000306545
114	0.0104824	0.199936	0.00656241	0.00705314	1.30635e-05	2.82674e-16	0.018222	2.68081	0.013621	0.0107057	0.000184596	0.000131329
115	0.0113221	0.379069	0.00655122	0.00786843	2.69537e-05	2.8296e-16	0.0112995	0.379554	0.00689036	0.00794928	5.02241e-06	4.82035e-05
116	0.00753751	0.0623348	0.00492711	0.0047171	6.31338e-06	2.75602e-16	0.00735087	0.0776625	0.00496292	0.00465958	1.57523e-06	3.80872e-05
117	0.674956	212.322	0.363133	0.564857	0.956278	2.79235e-16	136.004	43382.5	135.342	0.335428	57074.6	0.00771522
118	0.00933116	0.124676	0.00591494	0.00606476	1.18581e-05	2.816e-16	0.00912413	0.124033	0.00596171	0.00609976	3.25114e-06	3.98724e-05
119	0.0088251	0.12727	0.00541849	0.00592385	1.29175e-05	2.9143e-16	0.00845706	0.122818	0.00534079	0.005798	4.8893e-06	3.85815e-05
120	0.009251	0.133112	0.00592817	0.00569999	1.80897e-05	2.85097e-16	0.00919245	0.122953	0.00614553	0.00586918	1.7023e-05	4.52111e-05
121	0.010085	0.197736	0.00659302	0.00636422	8.04854e-06	2.65782e-16	0.0102103	0.191684	0.00660107	0.00675143	1.02721e-05	4.21269e-05
122	0.0131283	0.849882	0.00795905	0.00844161	0.000652359	2.69081e-16	0.0111148	0.481354	0.00749239	0.00673571	3.18293e-06	7.15769e-05
123	0.0111095	0.233293	0.00679353	0.00751217	1.83434e-05	2.78528e-16	0.0106608	0.24684	0.00705527	0.00708044	8.43177e-06	4.45425e-05
124	0.00942705	0.115194	0.00580437	0.00616257	1.3726e-05	2.74809e-16	0.00920541	0.0849517	0.00606599	0.00601644	3.26671e-06	4.00836e-05
125	0.00914054	0.136088	0.00557527	0.0060016	2.03412e-05	2.85795e-16	0.00881498	0.129408	0.00583627	0.00570099	1.36017e-06	3.93172e-05
126	0.00930534	0.122882	0.00537255	0.00649714	1.83448e-05	2.68965e-16	0.00906318	0.109358	0.00555078	0.00646079	2.77e-06	4.07259e-05
127	0.00987075	0.0898412	0.00611407	0.00659536	7.07684e-06	2.76795e-16	0.00960446	0.0832518	0.00617488	0.00647942	1.73615e-06	3.74372e-05
128	0.0120848	0.321936	0.00816763	0.00747689	5.63678e-05	2.76591e-16	0.0115262	0.232487	0.00800384	0.00712853	2.70108e-06	4.84704e-05
129	0.00915008	0.0860941	0.00559808	0.00623988	4.86127e-06	2.68845e-16	0.00892249	0.0821796	0.00556408	0.00609347	1.26232e-06	3.42268e-05
130	0.0112705	0.350381	0.00679511	0.00784826	7.23706e-06	2.766e-16	0.0106448	0.356893	0.00687795	0.00724993	1.75684e-06	3.84841e-05
131	0.00781751	0.0529308	0.00498239	0.00506604	9.97847e-06	2.75625e-16	0.0080005	0.0830429	0.00516939	0.00549156	1.43828e-06	3.88052e-05
132	0.0116446	0.165521	0.0077148	0.00713681	1.3753e-05	2.88197e-16	0.011517	0.165489	0.00784546	0.00720529	3.82365e-06	3.84148e-05
133	0.0111723	0.300075	0.00729231	0.0069371	1.86909e-05	2.82766e-16	0.0105384	0.263305	0.00701898	0.00677529	2.17595e-06	4.70276e-05
134	0.0100182	0.0760945	0.00667086	0.00627967	8.44409e-06	2.8453e-16	0.00988411	0.0751123	0.0066884	0.00642652	6.25278e-07	4.40107e-05
135	0.010476	0.195886	0.00575107	0.00754571	1.3869e-05	2.79432e-16	0.00978982	0.139389	0.00625237	0.00679186	1.66568e-06	4.84248e-05
136	0.0109816	0.165231	0.00712403	0.00711786	1.58889e-05	2.80429e-16	0.0106134	0.166234	0.00729869	0.00690554	1.03413e-06	4.42384e-05
137	0.00851037	0.0790712	0.00520856	0.00585103	5.55401e-06	2.84512e-16	0.00817507	0.0781694	0.00520108	0.00572635	2.12227e-06	3.11074e-05
138	0.0116282	0.0734939	0.00747873	0.00736101	1.72278e-05	2.64817e-16	0.0116315	0.0601237	0.00727955	0.00792332	3.36722e-06	5.1899e-05
139	0.0112807	0.121234	0.00720461	0.00736544	1.2278e-05	2.94903e-16	0.0110002	0.108226	0.0075597	0.00706674	6.72842e-07	3.76384e-05
140	0.00870093	0.0559981	0.0052974	0.00593841	5.23445e-06	2.82925e-16	0.00910735	0.0543612	0.00574267	0.00629973	1.29883e-06	3.43959e-05
141	0.0125405	0.111745	0.00835266	0.00768998	5.48587e-05	3.04595e-16	0.0116369	0.106575	0.00854178	0.00682654	7.73689e-07	5.50657e-05
142	0.0108972	0.111234	0.00698517	0.00712092	1.85742e-05	2.89545e-16	0.0107415	0.10186	0.00739249	0.0070491	1.01684e-06	3.95877e-05
143	0.0124435	0.129809	0.00823218	0.00776906	2.51961e-05	2.87314e-16	0.0120865	0.105632	0.00826289	0.00792977	8.84033e-07	4.86864e-05
144	0.014635	0.193285	0.00825452	0.0105657	3.29996e-05	2.7434e-16	0.0141556	0.207924	0.00854095	0.0101855	1.3744e-06	4.63479e-05
145	1.49384	179.461	1.28926	0.746845	0.88274	2.82698e-16	201.29	24354.9	201.281	1.41907	71.7965	0.0168867
146	0.0161607	0.275756	0.0105283	0.0107473	2.79654e-05	2.82349e-16	0.0156516	0.245068	0.0105184	0.0102962	1.51503e-06	6.08692e-05
147	0.00952285	0.0608698	0.00697542	0.00555324	6.27544e-06	2.84578e-16	0.00937888	0.0649199	0.00692527	0.00560951	3.53153e-07	2.95886e-05
148	0.0100664	0.0464346	0.00657099	0.00638678	8.39928e-06	2.92139e-16	0.00982287	0.0522193	0.00627762	0.00673055	4.1266e-07	3.97083e-05
149	0.0139548	0.139163	0.00979244	0.00815281	1.0899e-05	2.65267e-16	0.0134663	0.148298	0.00967601	0.00795167	1.3297e-06	4.74001e-05
150	0.0105479	0.0635626	0.00728799	0.00647651	4.54702e-06	2.76872e-16	0.0105616	0.0615208	0.00742697	0.00640675	7.08249e-07	2.90693e-05
151	0.0110587	0.0577378	0.00754557	0.00686095	5.28468e-06	3.00402e-16	0.0111178	0.0648709	0.00770158	0.00698788	1.1551e-06	3.29058e-05
152	0.0137281	0.160744	0.00862014	0.00873907	2.38713e-05	2.80679e-16	0.0132695	0.141158	0.00840677	0.00874237	5.84249e-07	4.82368e-05
153	0.0140461	0.222945	0.00839453	0.00962093	8.525e-06	2.91287e-16	0.013758	0.247201	0.00774075	0.00995631	1.12973e-06	5.30783e-05
154	0.0163524	0.148905	0.0100439	0.010348	8.14915e-05	2.75598e-16	0.0151925	0.141363	0.00965953	0.0103543	5.61224e-07	6.04472e-05
155	0.0118329	0.0733065	0.00806681	0.00690737	1.20421e-05	2.85194e-16	0.0121413	0.104421	0.0086114	0.00742408	1.42789e-06	4.80988e-05
156	0.0156952	0.069345	0.0104559	0.00958526	2.58639e-05	2.97054e-16	0.0148707	0.0756917	0.0101794	0.00947786	9.60773e-07	5.38743e-05
157	0.0126026	0.0687842	0.00807614	0.00814958	2.1156e-05	2.8344e-16	0.01209	0.0585746	0.00781138	0.00813924	3.14547e-07	4.14853e-05
158	0.0133449	0.0682117	0.00914645	0.00818219	1.84088e-05	2.87954e-16	0.0130662	0.0677761	0.00918193	0.00828242	9.09876e-07	4.8996e-05
159	0.0109629	0.05947	0.00721191	0.00702529	6.09573e-06	2.77038e-16	0.0106085	0.050181	0.00739831	0.00668136	3.93159e-07	3.16324e-05
160	0.0198502	0.526416	0.0147447	0.0113464	0.000285772	2.81428e-16	0.021658	0.668621	0.014909	0.0144144	5.49632e-07	7.35662e-05
161	0.0133808	0.0852233	0.00857936	0.00877187	9.75928e-06	2.51038e-16	0.013798	0.0804915	0.00902219	0.00943814	6.29988e-07	4.28303e-05
162	0.0119895	0.0709126	0.00801738	0.00753505	8.96422e-06	2.9207e-16	0.0120152	0.080358	0.00837101	0.00753068	6.23664e-07	4.1867e-05
163	0.0183861	0.165557	0.0130865	0.0103335	0.000115894	2.85564e-16	0.0189809	0.155138	0.0122679	0.0119513	0.00017209	7.85167e-05
164	0.0122006	0.0589348	0.00795137	0.00795597	1.80132e-05	2.87375e-16	0.0114327	0.0412624	0.0074188	0.00787689	7.27133e-07	3.45054e-05
165	0.0188363	0.262925	0.0122784	0.011948	0.000109698	2.62484e-16	0.0797607	3.80961	0.0277894	0.0653444	0.0493796	0.000605646
166	0.0167409	0.242663	0.0128473	0.00904735	2.21949e-05	2.76303e-16	0.0158091	0.210107	0.0119827	0.00944223	7.89612e-06	4.46486e-05
167	0.0121127	0.0312938	0.00813559	0.00723724	1.1913e-05	2.97532e-16	0.012198	0.0352235	0.0086416	0.0072963	2.31739e-07	3.36388e-05
168	0.0269402	0.771743	0.019121	0.0153421	0.00156121	2.9032e-16	0.0266788	0.782627	0.0194566	0.0164074	1.13945e-05	0.000112044
169	8.48055	499.62	2.37582	7.81688	302.511	2.82026e-16	1855.64	109482	1855.6	10.3645	1786.66	0.0415571
170	0.0171912	0.120363	0.00939104	0.0121029	1.94751e-05	2.71134e-16	0.0183575	0.119302	0.0103137	0.0135059	9.16368e-07	5.26323e-05
171	0.0243633	0.308163	0.0168962	0.014235	0.000120372	2.58347e-16	0.0246701	0.396282	0.0178402	0.0150566	3.76172e-06	7.07603e-05
172	0.0149779	0.0650281	0.00948897	0.00978951	3.40659e-05	2.58229e-16	0.0148853	0.0626271	0.00967017	0.010038	1.29138e-06	4.60965e-05
173	0.023276	0.352668	0.0121003	0.0183236	2.28304e-05	2.9695e-16	0.0238655	0.357409	0.012039	0.0193391	1.82475e-06	4.81102e-05
174	0.0174002	0.138287	0.0114768	0.011135	1.78508e-05	2.84088e-16	0.0173171	0.1276	0.0109977	0.0120101	6.15301e-07	4.63726e-05
175	0.0196771	0.0711887	0.0115342	0.0136962	1.92571e-05	2.99922e-16	0.0191655	0.0658527	0.0121543	0.0129802	4.40431e-07	5.30157e-05
176	0.0157213	0.0513607	0.0101255	0.00978685	2.71978e-05	2.83214e-16	0.0149977	0.0605211	0.0102143	0.00974996	3.1178e-07	4.90805e-05
177	0.0144593	0.0427541	0.00944476	0.00921548	1.64784e-05	2.84926e-16	0.0137691	0.0414559	0.00966756	0.00906294	1.3717e-07	4.07398e-05
178	0.017692	0.0843826	0.0114728	0.0116907	1.48545e-05	2.44053e-16	0.0179592	0.0905592	0.0113781	0.0122339	2.74544e-07	4.58726e-05
179	0.0155097	0.0423842	0.010359	0.00988458	1.40627e-05	2.98358e-16	0.016264	0.0777389	0.0114198	0.00978066	3.57817e-05	5.77792e-05
180	0.0186853	0.0652072	0.0135126	0.0112938	9.63883e-06	2.89882e-16	0.0190157	0.0675072	0.0142461	0.0109769	2.98815e-07	3.76822e-05
181	0.0170102	0.126182	0.0107938	0.0113791	1.0187e-05	2.89091e-16	0.0171294	0.126327	0.0110455	0.0114774	8.15015e-07	3.70116e-05
182	0.0231476	0.166948	0.017364	0.0132872	5.89369e-05	2.72048e-16	0.0233869	0.194549	0.0171534	0.0139303	7.5626e-05	5.90885e-05
183	0.0152298	0.0381325	0.00923806	0.0101045	1.73452e-05	2.77441e-16	0.0149076	0.0384923	0.00979155	0.00972243	3.56129e-07	4.66906e-05
184	0.0159496	0.0668629	0.0107201	0.00989971	1.45152e-05	2.81699e-16	0.0168999	0.0877142	0.0111448	0.0107635	7.12927e-07	4.89412e-05
185	0.0197594	0.0550144	0.0134397	0.0130177	1.27595e-05	2.73246e-16	0.0189506	0.0432827	0.0127789	0.0124684	2.02868e-07	6.12957e-05
186	0.023054	0.134298	0.0140181	0.0157088	0.000184701	2.76364e-16	0.0242084	0.133789	0.0150754	0.0172198	4.78722e-07	7.92392e-05
187	0.0256399	0.167857	0.018855	0.0152967	6.64237e-05	2.73014e-16	0.0249925	0.14429	0.0191675	0.0133393	2.54726e-07	7.46999e-05
188	0.0169489	0.0581081	0.0118051	0.00997558	1.69991e-05	2.60814e-16	0.0180534	0.0591472	0.0124714	0.0111306	1.6413e-07	4.36588e-05
189	0.0169386	0.0433646	0.0103176	0.0115307	1.1463e-05	2.5642e-16	0.0166842	0.0432374	0.010008	0.0120109	2.21083e-07	3.72202e-05
190	0.0227616	0.0811336	0.0144906	0.0156579	1.92907e-05	3.07531e-16	0.023195	0.0818112	0.0143963	0.0168992	3.17526e-07	4.77197e-05
191	0.0317989	0.254512	0.0219345	0.0189021	0.000262799	3.07907e-16	0.0326532	0.243527	0.0214092	0.022084	7.13556e-07	9.66837e-05
192	0.032656	0.239418	0.0214581	0.0215778	0.000234643	2.66622e-16	0.0294635	0.160606	0.0197953	0.018557	6.46066e-07	0.000104935
193	0.0236268	0.24984	0.0169025	0.0148752	6.59325e-05	2.60687e-16	0.02298	0.227105	0.0168938	0.0137537	3.26061e-07	5.6454e-05
194	0.0264202	0.205811	0.0192441	0.0147591	6.1821e-05	2.91924e-16	0.0260891	0.180939	0.0207287	0.0128023	1.17855e-07	8.58539e-05
195	0.0288814	0.164937	0.0190865	0.0170442	0.000214078	2.98846e-16	0.0422023	0.606073	0.0239979	0.0280411	0.00282582	0.000180708
196	0.0238845	0.172347	0.0143975	0.0154963	5.33732e-05	2.99594e-16	0.0237622	0.176531	0.0159055	0.0148554	1.17933e-06	5.83645e-05
197	0.024974	0.0862617	0.017447	0.0146037	7.09389e-05	2.45939e-16	0.0235152	0.082977	0.0184734	0.0128909	8.00919e-07	7.13618e-05
198	0.0220799	0.0645265	0.0147964	0.0133732	3.31415e-05	2.76663e-16	0.0223776	0.0631128	0.0151936	0.0143066	1.86356e-07	4.80346e-05
199	0.0298558	0.108503	0.020446	0.0185934	6.70486e-05	2.55012e-16	0.0287404	0.104608	0.0200592	0.0187528	1.17741e-07	5.57738e-05
200	0.0204739	0.0504525	0.0154325	0.0104557	1.51928e-05	2.73347e-16	0.0200475	0.0507117	0.0159611	0.00944045	1.01326e-07	3.78196e-05
201	0.0315194	0.134352	0.0227971	0.0180618	7.59412e-05	2.4544e-16	0.0319126	0.147085	0.0267502	0.0160121	2.13894e-07	7.40929e-05
202	0.0284645	0.138745	0.0190912	0.0175508	1.08365e-05	2.6897e-16	0.0260378	0.141276	0.0179965	0.0160388	1.06483e-07	4.36215e-05
203	0.0363232	0.0764863	0.0247443	0.0220985	4.14245e-05	2.97352e-16	0.0355151	0.0905109	0.025501	0.0201233	3.03317e-07	9.60917e-05
204	0.0250243	0.0748786	0.0153113	0.017031	1.57946e-05	2.71033e-16	0.0237622	0.0809465	0.0151766	0.0157114	3.06664e-07	4.06796e-05
205	0.0284113	0.0874679	0.0192893	0.0180414	3.34549e-05	3.04769e-16	0.0292731	0.0962425	0.0203963	0.0190083	2.78875e-07	6.61265e-05
206	0.0254651	0.0527723	0.0169655	0.0165801	3.3377e-05	2.89831e-16	0.0236698	0.0470269	0.0158426	0.0162735	3.45837e-07	8.12542e-05
207	0.0343909	0.106028	0.0236751	0.0220573	1.6938e-05	2.83782e-16	0.0342743	0.112143	0.0232297	0.0229054	2.01199e-07	6.25717e-05
208	0.0309204	0.0595417	0.0222136	0.0181726	0.000101011	2.65115e-16	0.0315785	0.0609771	0.0236616	0.0178835	4.0969e-05	9.9891e-05
209	0.0289837	0.0783071	0.0211602	0.0163963	1.86285e-05	2.6424e-16	0.0286471	0.084741	0.0211732	0.0164045	1.80603e-07	5.66795e-05
211	0.0258271	0.0791071	0.0175234	0.0166352	4.31596e-05	2.76598e-16	0.0278551	0.0781479	0.0192641	0.0192844	1.03791e-07	4.82676e-05
212	0.0295513	0.0889794	0.0197205	0.018264	0.000114404	2.82682e-16	0.0303715	0.0959624	0.0214475	0.0176907	2.31115e-07	9.56658e-05
213	0.0367774	0.220228	0.0221349	0.0242662	7.59197e-05	2.80211e-16	0.0402792	0.283163	0.0249677	0.0289421	1.28602e-07	8.51328e-05
214	0.0362695	0.0747249	0.0254836	0.0225125	6.11236e-05	2.71401e-16	0.034119	0.0642054	0.0225839	0.0234192	2.19427e-07	0.000116585
215	0.0336937	0.0607855	0.021325	0.0204981	0.00015017	2.95741e-16	0.0341698	0.0658429	0.025384	0.0201829	1.92966e-07	8.70753e-05
216	0.0339965	0.0899015	0.0190109	0.0231305	7.54861e-05	2.69736e-16	0.0321282	0.0835161	0.0208506	0.0214169	4.56687e-07	9.37909e-05
217	0.0230701	0.0534741	0.0159011	0.0140004	8.93404e-06	2.53247e-16	0.0226039	0.0497675	0.0168397	0.0131869	2.36589e-07	3.51505e-05
219	0.04886	0.158684	0.0244737	0.0312788	0.00118285	3.28418e-16	0.0468533	0.153215	0.0293539	0.0319333	1.13776e-06	0.000162197
220	0.0346187	0.111219	0.0203754	0.0242858	0.000108056	2.83628e-16	0.0330235	0.0811439	0.020099	0.0232201	3.71588e-07	9.13173e-05
222	0.0390541	0.104201	0.0277762	0.0206615	8.95389e-05	3.26253e-16	0.0394714	0.111598	0.0281205	0.0222974	3.289e-07	7.85463e-05
226	0.0282747	0.0769097	0.0191037	0.017099	0.000124	2.74563e-16	0.0266148	0.0559264	0.0177346	0.0178684	1.69672e-07	0.000100265
231	0.0396173	0.142709	0.0237895	0.0285306	0.000130894	2.93742e-16	0.0379814	0.13641	0.0272218	0.0242062	1.14509e-07	9.46181e-05
