FocalLength	QR_Kcost	QR_Focalcost	QR_PPcost	QR_Skewcost	QR_RRtcost	IAC_Kcost	IAC_Focalcost	IAC_PPcost	IAC_Skewcost	IAC_RRtcost	Rank3Rate
10	0.132076	0.0809774	0.0785349	0.00286874	2.82803e-16	0.135487	0.0837969	0.0817702	0.00256905	0.00750406	0.96
11	0.112827	0.0694617	0.0662071	0.00219945	2.812e-16	0.113407	0.0705744	0.0688867	0.00180115	0.00633733	1
12	0.0932679	0.0572623	0.0556171	0.00142138	2.82525e-16	0.0934324	0.0578751	0.0575618	0.00111298	0.00463796	0.94
13	0.0826807	0.0519624	0.0484351	0.00108242	2.78444e-16	0.0826303	0.0529903	0.0495677	0.000828721	0.00408738	0.96
14	0.0724776	0.0454499	0.0426884	0.000800243	2.78048e-16	0.0734117	0.0473009	0.0441539	0.000591538	0.00353788	0.92
15	0.0602889	0.0376155	0.03558	0.000567967	2.77554e-16	0.0597582	0.0383829	0.035881	0.000409737	0.00263642	0.96
16	0.048498	0.0300427	0.0283392	0.000385264	2.81011e-16	0.0490813	0.0309948	0.0300394	0.000276769	0.0020915	0.92
17	0.043876	0.0276216	0.0256971	0.000302544	2.75994e-16	0.0436681	0.0280807	0.0263525	0.000211747	0.00177755	0.96
18	0.0370931	0.0230701	0.0219158	0.000215954	2.82879e-16	0.0372746	0.0236931	0.0225751	0.000155304	0.00132817	0.92
19	0.0317163	0.0198572	0.0184978	0.000161873	2.83258e-16	0.0323931	0.0209006	0.0195951	0.000115678	0.0011779	0.98
20	0.0293567	0.0185581	0.0169737	0.000137522	2.86168e-16	0.0295902	0.0191394	0.0179259	8.93098e-05	0.00104909	0.92
21	0.0245242	0.0153192	0.0144845	9.42972e-05	2.80368e-16	0.0247178	0.0158233	0.0151898	6.23318e-05	0.000852088	0.98
22	0.0210363	0.0132357	0.0124168	6.41305e-05	2.78697e-16	0.0213012	0.0135269	0.0131121	4.84029e-05	0.000609896	0.98
23	0.0207411	0.0131466	0.0121631	6.4405e-05	2.81314e-16	0.0207182	0.0135098	0.0126996	3.89287e-05	0.000683461	0.9
24	0.0163582	0.0101232	0.00972864	4.17326e-05	2.79958e-16	0.0164063	0.0105015	0.0100852	2.70522e-05	0.00049259	0.94
25	0.0150414	0.0094778	0.00887776	3.29058e-05	2.77178e-16	0.0150881	0.00973343	0.00924883	2.20573e-05	0.000398922	0.98
26	0.0127114	0.00786402	0.00764138	2.45132e-05	2.76743e-16	0.0128985	0.00830759	0.00794263	1.65254e-05	0.000348326	0.96
27	0.0110042	0.00695574	0.00645585	1.79453e-05	2.8074e-16	0.0110361	0.00710036	0.00672017	1.24549e-05	0.000260371	0.92
28	0.0104208	0.00648069	0.00612925	1.79186e-05	2.80311e-16	0.0104843	0.00665954	0.00654134	1.05391e-05	0.000280806	0.98
29	0.0093943	0.00585376	0.00554845	1.43183e-05	2.76821e-16	0.00925764	0.00595964	0.00569969	8.03111e-06	0.000239365	0.94
30	0.00796965	0.00501527	0.00472871	9.86755e-06	2.76158e-16	0.00796148	0.0051359	0.00492013	6.01879e-06	0.000191131	0.94
31	0.0075195	0.00474642	0.00445336	8.55129e-06	2.77332e-16	0.00752773	0.0049247	0.00465016	4.94845e-06	0.000178629	0.98
32	0.00657646	0.00410013	0.00391378	6.56064e-06	2.78095e-16	0.00655906	0.00421559	0.00407583	3.87915e-06	0.000150983	0.92
33	0.00550214	0.00344278	0.00328571	4.5061e-06	2.7466e-16	0.00550002	0.00350941	0.00343864	2.77818e-06	0.000115823	0.98
34	0.0058413	0.00370363	0.00344511	5.25762e-06	2.83996e-16	0.00584378	0.00384693	0.00359138	2.56632e-06	0.000127019	0.98
35	0.00493879	0.00313385	0.00290857	3.73082e-06	2.84764e-16	0.00492828	0.00319954	0.00308229	1.94118e-06	0.000105464	0.98
36	0.00440854	0.00286216	0.002532	2.90329e-06	2.83982e-16	0.0043392	0.00290518	0.00259822	1.54621e-06	8.4222e-05	0.96
37	0.00389958	0.00250023	0.0022838	2.22101e-06	2.82047e-16	0.00386655	0.00255836	0.00236479	1.22093e-06	7.33962e-05	0.94
38	0.00322518	0.00202289	0.00191135	1.63977e-06	2.84353e-16	0.00320965	0.00207899	0.00200287	8.48533e-07	6.27479e-05	0.94
39	0.00307975	0.00197633	0.00179947	1.37505e-06	2.88275e-16	0.00304891	0.00202093	0.00186086	7.10604e-07	5.67547e-05	0.94
40	0.00270799	0.00171935	0.0015859	1.14367e-06	2.85192e-16	0.00267945	0.00176637	0.00164099	5.64024e-07	5.00073e-05	1
41	0.00227978	0.00144864	0.00134023	7.90282e-07	2.84434e-16	0.00226825	0.00148457	0.00140349	4.2437e-07	4.10917e-05	0.98
42	0.00208319	0.00133836	0.00122381	6.17356e-07	2.82767e-16	0.00207196	0.00136997	0.00126992	3.40453e-07	3.41169e-05	0.92
43	0.00188539	0.001207	0.00109212	6.43568e-07	2.83544e-16	0.00188355	0.00122979	0.00115627	4.29339e-07	2.93481e-05	0.98
44	0.00150678	0.000963693	0.000881251	3.50621e-07	2.7929e-16	0.00147276	0.000964856	0.000911093	1.83775e-07	2.40978e-05	0.96
45	0.00143949	0.000928886	0.000837054	3.0529e-07	2.86205e-16	0.00141052	0.000932626	0.000867734	1.53465e-07	2.25713e-05	0.96
46	0.00120087	0.000777909	0.000702173	2.03576e-07	2.82063e-16	0.00117759	0.00078163	0.000725229	1.09906e-07	1.7716e-05	0.94
47	0.0010523	0.000678706	0.000613926	1.80977e-07	2.80957e-16	0.00102778	0.000691505	0.000621262	8.12324e-08	1.60993e-05	0.94
48	0.00083847	0.000541202	0.000486786	1.05555e-07	2.86794e-16	0.000823849	0.000542745	0.000506116	5.7228e-08	1.18656e-05	0.96
49	0.000832635	0.000535236	0.000490698	1.06919e-07	2.83461e-16	0.000821216	0.000550227	0.000501949	4.86909e-08	1.15707e-05	0.98
50	0.000726015	0.000476666	0.00041781	7.65159e-08	2.77201e-16	0.000701289	0.000473466	0.000426645	3.5093e-08	9.49177e-06	0.94
51	0.000581424	0.000371827	0.000341924	5.5024e-08	2.80261e-16	0.000566667	0.000378188	0.000350164	2.35668e-08	8.10233e-06	0.9
52	0.000433034	0.000277614	0.00025344	2.68756e-08	2.7839e-16	0.000421046	0.000278904	0.000256808	1.42949e-08	5.35029e-06	1
53	0.000427446	0.000278954	0.000246871	2.68293e-08	2.78683e-16	0.000413295	0.000278164	0.000252759	1.18306e-08	5.3937e-06	0.98
54	0.000306563	0.000196798	0.000177544	1.56814e-08	2.79614e-16	0.000299105	0.000202188	0.000180922	6.7852e-09	3.86344e-06	1
55	0.000287671	0.000186486	0.000167158	1.45305e-08	2.82503e-16	0.00027954	0.000186662	0.000171227	7.85976e-09	3.22979e-06	0.96
56	0.000195795	0.000128629	0.000113921	5.6536e-09	2.80686e-16	0.000190983	0.000129027	0.000116149	2.65742e-09	2.08824e-06	0.98
57	0.000131146	8.49063e-05	7.66769e-05	2.48664e-09	2.73411e-16	0.000127189	8.49168e-05	7.77439e-05	1.22045e-09	1.39287e-06	0.98
58	7.98213e-05	5.19496e-05	4.64456e-05	9.65111e-10	2.82083e-16	7.80508e-05	5.22853e-05	4.75143e-05	4.79451e-10	8.62335e-07	0.98
59	4.13165e-05	2.72111e-05	2.37718e-05	2.4383e-10	2.76189e-16	4.08126e-05	2.75802e-05	2.47052e-05	1.28946e-10	4.4426e-07	0.94
60	7.30515e-08	4.50694e-08	4.52357e-08	3.36417e-14	2.78292e-16	1.12959e-06	5.12841e-07	7.39109e-07	2.13549e-11	2.63739e-08	0.96
61	3.32626e-05	2.2126e-05	1.88252e-05	1.66178e-10	2.7604e-16	3.26372e-05	2.23284e-05	1.92842e-05	8.87075e-11	3.09527e-07	0.92
62	9.38845e-05	5.98259e-05	5.63774e-05	7.25763e-09	2.83369e-16	0.000340478	0.000167566	0.00022783	1.18176e-06	6.84059e-06	0.92
63	9.98669e-05	6.481e-05	5.85994e-05	1.47795e-09	2.75539e-16	9.66856e-05	6.46169e-05	5.91072e-05	7.17877e-10	8.65053e-07	0.96
64	0.000129982	8.61602e-05	7.58578e-05	2.1005e-09	2.73798e-16	0.000128424	8.67644e-05	7.8394e-05	1.20673e-09	9.84603e-07	0.98
65	0.000135876	8.87667e-05	7.91805e-05	2.59972e-09	2.78535e-16	0.000132047	8.81603e-05	7.99978e-05	1.49888e-09	9.13371e-07	0.96
66	0.000189212	0.000124689	0.000109028	5.3741e-09	2.77583e-16	0.000184504	0.000124127	0.000112756	2.57978e-09	1.50547e-06	1
67	0.000204602	0.000135392	0.000118383	6.05979e-09	2.78884e-16	0.000201774	0.000137144	0.000121384	3.15079e-09	1.43825e-06	1
68	0.000214487	0.000141229	0.000124094	6.54189e-09	2.80784e-16	0.00020902	0.000141461	0.000124729	3.68351e-09	1.37459e-06	0.88
69	0.000231835	0.000152753	0.000134375	7.28191e-09	2.80886e-16	0.000228238	0.000152839	0.000136237	4.69659e-09	1.31032e-06	0.98
70	0.000244062	0.000160956	0.000142198	7.9883e-09	2.83474e-16	0.000238885	0.000160376	0.00014185	5.20209e-09	1.30467e-06	0.98
71	0.000299153	0.00019452	0.000177566	1.19051e-08	2.86099e-16	0.000290581	0.000193633	0.00017598	6.95867e-09	1.55775e-06	0.96
72	0.000269127	0.000175641	0.00015714	1.00872e-08	2.7837e-16	0.000265349	0.000175783	0.00015842	6.88323e-09	1.19519e-06	0.94
73	0.000306428	0.000197996	0.00018138	1.31395e-08	2.8281e-16	0.000300912	0.000198975	0.000181507	8.50637e-09	1.53477e-06	0.92
74	0.000557131	0.000343565	0.00034571	4.01749e-07	2.81614e-16	0.00220661	0.000986196	0.00155882	5.85166e-05	3.81181e-05	0.98
75	0.000319461	0.000206324	0.000188737	1.34478e-08	2.81073e-16	0.000317619	0.000207458	0.000190326	1.05454e-08	1.35709e-06	0.98
76	0.000376046	0.000243741	0.000222521	1.9085e-08	2.86259e-16	0.000370201	0.000243335	0.000222197	1.33371e-08	1.50194e-06	0.96
77	0.00033308	0.000210729	0.000198644	1.67788e-08	2.81889e-16	0.000327772	0.000211131	0.000196368	1.30034e-08	1.28275e-06	0.94
78	0.000394059	0.000252463	0.000236208	2.05709e-08	2.86196e-16	0.00038866	0.000253182	0.000233821	1.61976e-08	1.5252e-06	0.96
79	0.0004028	0.000257854	0.000239622	2.2709e-08	2.81171e-16	0.000415515	0.000265019	0.000249863	2.71433e-08	1.82082e-06	1
80	0.000400055	0.000256736	0.000237518	2.09607e-08	2.87341e-16	0.00040129	0.000257385	0.000241863	1.86696e-08	1.44956e-06	0.98
81	0.000400498	0.000254577	0.000235659	2.43904e-08	2.84139e-16	0.000400881	0.000257869	0.00023825	1.99778e-08	1.75082e-06	0.92
82	0.000433756	0.000277006	0.000256573	2.67785e-08	2.79882e-16	0.00043076	0.000276985	0.000258256	2.19111e-08	1.62065e-06	0.96
83	0.000446543	0.000279356	0.000269954	2.83822e-08	2.83088e-16	0.000445691	0.000283385	0.000268756	2.54787e-08	1.62594e-06	0.96
84	0.000450713	0.000278661	0.000272506	3.04405e-08	2.83738e-16	0.000447537	0.000281084	0.000268151	2.6978e-08	2.14192e-06	0.96
85	0.000556078	0.000353997	0.000337455	3.73719e-08	2.8038e-16	0.000556335	0.000356137	0.000338551	3.43708e-08	1.41043e-06	0.96
86	0.000525006	0.000329884	0.000314857	3.83454e-08	2.79331e-16	0.000525784	0.000334117	0.000315717	3.38844e-08	1.9761e-06	0.96
87	0.00057185	0.000356322	0.000349811	4.29213e-08	2.84178e-16	0.000573974	0.000359167	0.00035162	4.06763e-08	2.16163e-06	0.98
88	0.000629003	0.000395812	0.000380928	5.13029e-08	2.78582e-16	0.00062679	0.000400902	0.000379131	4.52832e-08	2.53147e-06	0.98
89	0.000601812	0.000376536	0.00036449	4.88189e-08	2.80261e-16	0.000603532	0.000381341	0.000364242	4.68833e-08	2.15161e-06	0.98
90	0.000566578	0.000342186	0.000350548	4.80484e-08	2.80135e-16	0.000566589	0.000346759	0.000346507	4.56955e-08	2.42258e-06	0.92
91	0.00062214	0.000387373	0.000379806	5.25454e-08	2.84987e-16	0.000624324	0.000390422	0.000381975	4.91831e-08	1.93062e-06	0.98
92	0.000670306	0.000416761	0.000407953	6.26665e-08	2.81113e-16	0.000670438	0.000422622	0.000407716	5.72306e-08	2.86432e-06	0.96
93	0.00066726	0.000410077	0.000409088	6.38729e-08	2.83074e-16	0.000669078	0.000415839	0.000408102	5.97951e-08	2.78847e-06	0.96
94	0.000622271	0.000376914	0.000378801	5.96872e-08	2.84498e-16	0.000630303	0.000382114	0.00038793	5.8047e-08	2.78019e-06	0.96
95	0.000649236	0.000393339	0.000396772	6.4165e-08	2.77956e-16	0.000654879	0.000398058	0.000400491	6.44416e-08	2.66302e-06	0.98
96	0.000715592	0.000437936	0.000437898	7.4963e-08	2.82973e-16	0.000723951	0.000445496	0.000441986	7.35301e-08	2.95154e-06	0.98
97	0.000739453	0.000442519	0.00046081	8.17474e-08	2.81992e-16	0.000739115	0.000446758	0.000456131	7.87098e-08	3.59836e-06	1
98	0.000706138	0.000425732	0.000432911	7.81874e-08	2.7977e-16	0.000713084	0.000436858	0.000434921	7.52776e-08	3.04479e-06	0.98
99	0.000826745	0.000500759	0.000511124	9.83746e-08	2.81246e-16	0.000834513	0.000511482	0.000513011	9.5707e-08	3.6488e-06	0.96
100	0.000797245	0.000477795	0.00049424	9.74703e-08	2.75823e-16	0.000805712	0.000489353	0.000499391	9.21465e-08	4.28948e-06	0.98
101	0.000952356	0.000582235	0.000582265	1.76741e-07	2.78191e-16	0.00121968	0.000715943	0.00075306	1.61921e-06	8.97913e-06	0.96
102	0.000882862	0.000536169	0.000538665	1.19523e-07	2.83196e-16	0.000886117	0.000542267	0.000545512	1.08399e-07	4.4463e-06	0.94
103	0.00088323	0.000531861	0.000543876	1.17533e-07	2.84536e-16	0.000887734	0.000543381	0.000539972	1.16304e-07	4.15365e-06	0.92
104	0.00356019	0.00196539	0.001897	0.000128213	2.78787e-16	0.000910916	0.000549233	0.000565205	1.1657e-07	4.12806e-05	0.98
105	0.00100608	0.000610838	0.000616876	1.52631e-07	2.78319e-16	0.00100892	0.000618769	0.000621766	1.37632e-07	4.80515e-06	0.94
106	0.00100889	0.000618113	0.000616359	1.4403e-07	2.75913e-16	0.00101672	0.000628027	0.00061837	1.4302e-07	3.96946e-06	0.96
107	0.0011009	0.000678114	0.000670997	1.67013e-07	2.80304e-16	0.00110556	0.000688513	0.000674507	1.56226e-07	4.55214e-06	0.98
108	0.00102296	0.000615024	0.00063116	1.57833e-07	2.84562e-16	0.00110315	0.000660715	0.000681905	2.5862e-07	5.70653e-06	0.96
109	0.00113416	0.000689219	0.000703539	1.70769e-07	2.76387e-16	0.00115004	0.000705855	0.00070852	1.71681e-07	4.52202e-06	0.96
110	0.001059	0.000630851	0.000655006	1.73097e-07	2.81412e-16	0.00106402	0.000645326	0.000656595	1.60005e-07	5.47919e-06	1
111	0.00107116	0.000635429	0.000666453	1.82962e-07	2.75026e-16	0.00108656	0.000651313	0.000678895	1.68513e-07	5.3685e-06	1
112	0.00114847	0.000699402	0.00070312	1.94555e-07	2.78771e-16	0.00116379	0.000715228	0.000713947	1.8396e-07	4.91799e-06	0.96
113	0.00113967	0.000683022	0.000702564	1.92981e-07	2.78398e-16	0.00115927	0.000702206	0.000715556	1.8515e-07	5.61297e-06	0.96
114	0.00160398	0.000950768	0.000999984	1.76653e-06	2.80724e-16	0.0018782	0.0010593	0.00122698	4.7751e-06	1.1333e-05	1
115	0.00121906	0.000736662	0.000751319	2.17498e-07	2.78336e-16	0.00124135	0.000756602	0.000769318	2.13321e-07	5.04752e-06	0.92
116	0.00119827	0.000705932	0.000755516	2.19783e-07	2.80479e-16	0.00121429	0.000724753	0.000760294	2.07822e-07	5.44353e-06	0.96
117	0.00122336	0.000740943	0.000749845	2.22212e-07	2.77507e-16	0.00123097	0.000754097	0.000752781	2.15889e-07	5.46872e-06	1
118	0.00136735	0.000834471	0.000842117	2.66592e-07	2.78422e-16	0.00137879	0.0008504	0.000844884	2.48081e-07	5.92898e-06	0.96
119	0.0012958	0.000781871	0.000795461	2.66133e-07	2.75797e-16	0.00133204	0.00081083	0.000827602	2.40157e-07	6.80075e-06	0.98
120	0.00142262	0.00084821	0.000891967	2.83239e-07	2.77318e-16	0.00142614	0.000869825	0.000885809	2.72635e-07	6.01143e-06	0.94
121	0.00141929	0.000848282	0.000879933	3.08655e-07	2.80477e-16	0.00143424	0.000878228	0.000881095	2.79571e-07	6.68348e-06	0.92
122	0.00139985	0.000820769	0.000881447	3.02579e-07	2.7815e-16	0.00141401	0.000841346	0.000893213	2.74157e-07	6.41431e-06	0.98
123	0.00139597	0.000835136	0.000865748	2.94916e-07	2.7695e-16	0.00141216	0.00085291	0.000878731	2.78267e-07	6.58587e-06	0.96
124	0.00151011	0.000915052	0.000918339	3.52355e-07	2.81368e-16	0.00153873	0.000946969	0.000943693	3.09479e-07	7.7116e-06	0.94
125	0.00148104	0.000881458	0.000917109	3.47154e-07	2.77071e-16	0.00150723	0.000907289	0.000941673	3.10718e-07	7.0045e-06	0.96
126	0.00144883	0.00085989	0.000890141	3.39198e-07	2.80948e-16	0.00146933	0.000886113	0.000906684	3.10679e-07	6.74587e-06	1
127	0.00149677	0.000898516	0.000913709	3.75807e-07	2.8149e-16	0.00150594	0.000908325	0.000929376	3.21738e-07	6.4516e-06	0.96
128	0.00161654	0.000981561	0.000994065	3.72067e-07	2.79104e-16	0.00163647	0.00100751	0.0010052	3.49785e-07	6.45167e-06	0.96
129	0.00157675	0.000940034	0.000980192	3.73572e-07	2.80489e-16	0.00162156	0.000982927	0.00100347	3.59031e-07	7.33156e-06	0.98
130	0.00150497	0.000902152	0.000922115	3.59825e-07	2.74814e-16	0.00152259	0.000921844	0.0009309	3.47943e-07	6.19356e-06	0.9
131	0.00154785	0.000917394	0.000960552	3.79472e-07	2.78033e-16	0.00156701	0.000950239	0.000966462	3.52681e-07	7.28845e-06	1
132	0.00175421	0.00104719	0.00108907	4.57507e-07	2.83445e-16	0.00177374	0.00107901	0.00110791	4.07851e-07	7.9392e-06	0.96
133	0.00166915	0.000995159	0.00103501	4.25832e-07	2.79402e-16	0.00169484	0.00104458	0.00103981	3.93099e-07	7.60609e-06	0.98
134	0.00168655	0.00101978	0.00104341	4.02333e-07	2.81017e-16	0.00172451	0.00104513	0.00107483	3.97823e-07	6.77574e-06	0.96
135	0.00173512	0.0010411	0.00106571	4.9257e-07	2.7928e-16	0.00175687	0.00107686	0.00108642	4.16483e-07	8.26716e-06	0.94
136	0.00163452	0.000974706	0.000997346	4.23817e-07	2.78816e-16	0.00166344	0.00100631	0.00102114	3.99179e-07	7.37091e-06	0.98
137	0.0018675	0.00112057	0.00115551	5.13612e-07	2.79414e-16	0.00188975	0.00115457	0.00116902	4.65236e-07	8.27298e-06	0.96
138	0.00179235	0.00106934	0.00110795	5.05767e-07	2.86936e-16	0.00183096	0.00111864	0.0011331	4.39981e-07	8.88873e-06	0.96
139	0.00183451	0.0010921	0.00114579	5.08628e-07	2.81588e-16	0.0018603	0.00112189	0.00116163	4.70351e-07	7.58871e-06	0.94
140	0.00187856	0.00111179	0.00118069	5.46999e-07	2.84252e-16	0.00191873	0.00114601	0.00122169	4.88216e-07	8.69438e-06	0.92
141	0.00188439	0.00111421	0.00117743	5.43594e-07	2.82789e-16	0.00190287	0.00113922	0.00119836	4.91402e-07	8.46334e-06	1
142	0.00185642	0.00109967	0.00115537	5.2542e-07	2.824e-16	0.00189217	0.00113685	0.00117589	5.11977e-07	7.60893e-06	0.98
143	0.00181968	0.00106266	0.00113386	5.40652e-07	2.85889e-16	0.00185734	0.00109102	0.00117544	4.89013e-07	8.04762e-06	0.94
144	0.00207396	0.00125846	0.0012682	6.39332e-07	2.85766e-16	0.00210023	0.0012805	0.00129778	5.76408e-07	8.2791e-06	0.94
145	0.00198289	0.00117858	0.0012294	6.1441e-07	2.8265e-16	0.00200979	0.00120333	0.00125578	5.57847e-07	8.10731e-06	1
146	0.00210052	0.00124894	0.0013092	6.56345e-07	2.84339e-16	0.00213001	0.0012767	0.00134053	5.9575e-07	8.47809e-06	0.98
147	0.00219272	0.00131022	0.00136723	6.92915e-07	2.82644e-16	0.00222931	0.00135531	0.00138942	6.10532e-07	9.54839e-06	0.98
148	0.00214942	0.00127564	0.0013403	7.21971e-07	2.84771e-16	0.00218693	0.00132673	0.00136895	6.11774e-07	9.25583e-06	0.96
149	0.00214593	0.00128561	0.00132747	7.20981e-07	2.86197e-16	0.00218038	0.00132545	0.00136962	6.21655e-07	9.88634e-06	0.94
150	0.00208484	0.00122784	0.00130192	6.83641e-07	2.80603e-16	0.00212293	0.00126535	0.00133789	6.23303e-07	9.15902e-06	1
151	0.00203437	0.00120059	0.00126114	6.69753e-07	2.87775e-16	0.00207233	0.00124441	0.00128378	6.14451e-07	8.0425e-06	0.96
152	0.00236271	0.00143041	0.00144672	8.75563e-07	2.85378e-16	0.00239592	0.00147073	0.00149196	7.06324e-07	9.8929e-06	0.96
153	0.0023535	0.00141432	0.00146651	8.29458e-07	2.84289e-16	0.00239441	0.00146133	0.00150208	7.09895e-07	9.42042e-06	0.98
154	0.0021275	0.00127063	0.00131846	7.02147e-07	2.80962e-16	0.00216803	0.00131861	0.00134931	6.27719e-07	8.77607e-06	0.98
155	0.00232489	0.00140196	0.00144098	8.03375e-07	2.8444e-16	0.00235825	0.00144917	0.00147096	6.93847e-07	9.04812e-06	0.92
156	0.00233916	0.00139087	0.00145984	8.2113e-07	2.83018e-16	0.00238063	0.00144884	0.00149085	7.18202e-07	9.72169e-06	0.98
157	0.00234008	0.00139649	0.00144404	8.2156e-07	2.81865e-16	0.00236871	0.0014424	0.00147479	7.36909e-07	8.9167e-06	0.9
158	0.00218111	0.00128827	0.00135449	7.27504e-07	2.83987e-16	0.00222272	0.00132982	0.00138931	6.9386e-07	8.14773e-06	0.98
159	0.00241856	0.00143449	0.00150064	8.988e-07	2.81998e-16	0.00243708	0.00146949	0.00152054	7.84506e-07	9.55173e-06	0.94
160	0.00245356	0.00146684	0.00152655	8.96094e-07	2.84529e-16	0.00248453	0.00152061	0.00154261	7.73823e-07	9.1277e-06	0.96
161	0.002319	0.00137799	0.00143559	8.6851e-07	2.86159e-16	0.00238603	0.00145271	0.00148973	7.69999e-07	9.90668e-06	0.92
162	0.00240418	0.00142922	0.00149089	9.15099e-07	2.83334e-16	0.00244698	0.00147508	0.00152982	8.00533e-07	9.95844e-06	0.96
163	0.00245706	0.00146053	0.00153801	8.83285e-07	2.82133e-16	0.00249886	0.00149308	0.00158391	8.15804e-07	9.02548e-06	0.96
164	0.00250638	0.00147397	0.00158498	9.53923e-07	2.83338e-16	0.00257277	0.00152807	0.00163416	8.71619e-07	9.82724e-06	0.96
165	0.00257388	0.00153177	0.00159376	1.035e-06	2.8068e-16	0.00262625	0.00158665	0.00165237	8.56995e-07	1.12446e-05	0.98
166	0.00268697	0.00158636	0.00168008	1.13458e-06	2.80169e-16	0.00272012	0.0016306	0.00172477	9.44e-07	1.04887e-05	0.96
167	0.00244507	0.00145399	0.00150707	9.49081e-07	2.83505e-16	0.00250419	0.00151622	0.00154735	8.70562e-07	9.29959e-06	0.96
168	0.00261116	0.00155994	0.00161451	1.04212e-06	2.85411e-16	0.00265109	0.00161898	0.00164647	9.06053e-07	1.04262e-05	1
169	0.00249626	0.00147271	0.00154355	9.94347e-07	2.79457e-16	0.002558	0.00153358	0.00159938	8.93256e-07	9.91503e-06	0.98
170	0.00254494	0.00149533	0.00158779	1.01199e-06	2.81247e-16	0.00256157	0.00155189	0.00159189	8.84654e-07	1.01874e-05	0.98
171	0.00269689	0.00161665	0.00167244	1.10829e-06	2.85786e-16	0.00274171	0.00167738	0.00170929	9.5786e-07	1.02191e-05	0.96
172	0.00270419	0.00160454	0.00168481	1.10434e-06	2.88037e-16	0.00274561	0.00166229	0.00172329	9.47816e-07	1.06818e-05	0.94
173	0.00284104	0.00168733	0.00177185	1.22981e-06	2.84365e-16	0.00286741	0.00173717	0.00179729	1.04882e-06	1.06204e-05	0.9
174	0.00269956	0.0016007	0.0016634	1.13343e-06	2.82577e-16	0.00292058	0.00172764	0.00182105	1.9143e-06	1.20322e-05	0.94
175	0.0030004	0.00181225	0.00185406	1.31412e-06	2.85027e-16	0.00303158	0.00184781	0.00189861	1.12637e-06	1.05451e-05	0.94
176	0.00295825	0.00176427	0.00183789	1.34114e-06	2.81798e-16	0.00298538	0.0018118	0.00188084	1.1086e-06	1.09797e-05	0.98
177	0.00287892	0.00170765	0.00177717	1.34078e-06	2.8301e-16	0.00292815	0.00178733	0.00182785	1.08783e-06	1.17631e-05	0.96
178	0.00290883	0.0017422	0.00178878	1.31858e-06	2.83163e-16	0.00295583	0.00180244	0.00183721	1.15267e-06	1.09646e-05	1
179	0.00305348	0.00180765	0.00191457	1.48119e-06	2.74417e-16	0.00309521	0.00187526	0.00196081	1.18875e-06	1.25399e-05	1
180	0.00308711	0.00180884	0.00193482	1.4856e-06	2.84835e-16	0.00315228	0.00187673	0.00201161	1.22235e-06	1.13154e-05	1
181	0.00293955	0.0017274	0.00184148	1.36626e-06	2.82745e-16	0.00296629	0.00179078	0.00186681	1.12281e-06	1.07023e-05	0.94
182	0.00299894	0.00176286	0.00187686	1.38931e-06	2.76713e-16	0.00305647	0.00183726	0.00192612	1.19191e-06	1.13006e-05	1
183	0.00282241	0.00166809	0.00174709	1.25273e-06	2.85041e-16	0.00288851	0.00173865	0.00180114	1.11274e-06	1.0673e-05	0.94
184	0.00290365	0.00173286	0.00179954	1.2531e-06	2.80722e-16	0.00294982	0.00178227	0.00183213	1.16761e-06	9.7797e-06	0.96
185	0.00296724	0.00171838	0.00187008	1.40867e-06	2.81038e-16	0.00298239	0.0017999	0.00187128	1.1753e-06	1.14092e-05	0.94
186	0.0030501	0.00179739	0.00190765	1.42653e-06	2.8158e-16	0.00311162	0.00186846	0.00196414	1.2558e-06	1.09241e-05	1
187	0.00315023	0.00187012	0.00196067	1.5452e-06	2.82831e-16	0.00321586	0.00195647	0.0020056	1.30695e-06	1.14786e-05	0.96
188	0.00311641	0.00186184	0.00193697	1.47973e-06	2.83218e-16	0.00316328	0.00193016	0.00197099	1.27994e-06	1.08766e-05	0.96
189	0.00335615	0.00201125	0.00205382	1.74756e-06	2.77444e-16	0.00340256	0.00209203	0.00209934	1.45059e-06	1.28589e-05	0.94
190	0.00326918	0.00194589	0.00202036	1.72488e-06	2.80637e-16	0.0033266	0.00201366	0.00208864	1.42822e-06	1.1746e-05	1
191	0.00321911	0.0019161	0.00200368	1.57165e-06	2.82693e-16	0.00328246	0.00198299	0.0020677	1.33426e-06	1.06077e-05	0.94
192	0.00314075	0.00185935	0.00196241	1.54887e-06	2.83966e-16	0.0031408	0.00190418	0.00195848	1.31715e-06	1.01166e-05	0.96
193	0.00290802	0.00171002	0.00179527	1.38515e-06	2.80138e-16	0.0029769	0.00178274	0.00184772	1.26589e-06	1.01438e-05	1
194	0.00326866	0.00192728	0.00203746	1.68049e-06	2.77768e-16	0.00333475	0.00199644	0.0021128	1.42907e-06	1.13023e-05	0.96
195	0.00330093	0.00194708	0.00206577	1.69117e-06	2.79096e-16	0.00334203	0.0020139	0.0021037	1.42005e-06	1.15521e-05	0.92
196	0.00358197	0.00216177	0.00221052	1.87328e-06	2.76742e-16	0.00361199	0.00221373	0.00224479	1.59617e-06	1.15131e-05	0.9
197	0.00342075	0.00201077	0.00215404	1.77133e-06	2.81623e-16	0.00343807	0.0020421	0.00218067	1.52752e-06	1.10788e-05	0.94
198	0.00326026	0.00193599	0.002032	1.5898e-06	2.80461e-16	0.00330357	0.0019995	0.002069	1.45883e-06	1.02316e-05	0.98
199	0.00321083	0.00189049	0.00199914	1.57986e-06	2.79317e-16	0.00327805	0.00196742	0.00204699	1.45508e-06	1.0268e-05	0.96
200	0.00351438	0.00208492	0.00219058	1.86805e-06	2.76793e-16	0.00356901	0.00217334	0.00222667	1.6549e-06	1.18033e-05	0.92
201	0.00343537	0.00204779	0.00212347	1.86864e-06	2.83114e-16	0.0034963	0.00213641	0.00218042	1.5712e-06	1.16958e-05	1
202	0.00363772	0.00215598	0.00226233	2.0544e-06	2.80356e-16	0.00367275	0.00222535	0.00229615	1.69234e-06	1.24414e-05	0.94
203	0.00343596	0.00205316	0.00213001	1.79785e-06	2.76867e-16	0.00350155	0.00212059	0.00219092	1.55214e-06	1.10679e-05	0.98
204	0.00368658	0.00221617	0.00227877	2.02926e-06	2.75071e-16	0.00377588	0.00232556	0.00236411	1.71385e-06	1.15235e-05	0.9
205	0.00386866	0.00230893	0.00241969	2.20569e-06	2.77759e-16	0.00390673	0.00237648	0.00246656	1.80797e-06	1.21133e-05	0.96
206	0.00349221	0.00210393	0.00215028	1.89165e-06	2.82576e-16	0.00356652	0.00218619	0.00222095	1.60869e-06	1.19312e-05	0.96
207	0.00372138	0.00219316	0.00232497	2.19066e-06	2.82099e-16	0.00425535	0.00248545	0.00271798	6.5601e-06	1.56131e-05	0.98
208	0.00353093	0.00208192	0.00220136	1.95837e-06	2.77906e-16	0.00359903	0.00215804	0.00225927	1.72326e-06	1.11794e-05	0.86
209	0.00385301	0.00228021	0.00242023	2.2354e-06	2.78823e-16	0.00390767	0.0023524	0.00249297	1.82428e-06	1.29174e-05	0.94
210	0.00352672	0.00209397	0.00218964	1.9122e-06	2.7878e-16	0.00358098	0.00216179	0.00223711	1.66387e-06	1.16629e-05	0.92
211	0.00381895	0.00227742	0.00235557	2.3198e-06	2.79533e-16	0.00387764	0.00235736	0.00242939	1.86708e-06	1.31716e-05	0.96
212	0.00374767	0.00222838	0.00231981	2.22102e-06	2.76311e-16	0.00379679	0.00228226	0.00239677	1.82815e-06	1.2204e-05	1
213	0.00366948	0.00219575	0.00225878	2.09617e-06	2.80826e-16	0.0036754	0.0022328	0.00227151	1.86256e-06	1.14035e-05	0.9
214	0.00364817	0.00213412	0.00228959	2.13086e-06	2.75221e-16	0.00373442	0.0022271	0.00236139	1.86423e-06	1.11464e-05	1
215	0.00377706	0.00223632	0.00234378	2.21714e-06	2.78965e-16	0.00381019	0.00231159	0.00236619	1.91595e-06	1.06038e-05	0.96
216	0.00382152	0.00225041	0.00237251	2.48295e-06	2.77914e-16	0.0040369	0.00242727	0.00253264	2.41147e-06	1.34998e-05	0.98
217	0.00401595	0.00244069	0.00247134	2.34728e-06	2.83121e-16	0.00406085	0.00248142	0.00253478	2.07892e-06	1.11983e-05	0.96
218	0.00414174	0.0025028	0.00255579	2.68716e-06	2.8114e-16	0.00418546	0.00257491	0.00261226	2.03374e-06	1.29754e-05	0.98
219	0.00390586	0.00230198	0.00243122	2.46237e-06	2.806e-16	0.00399274	0.00239852	0.00252267	2.06558e-06	1.23939e-05	0.92
220	0.003944	0.00234455	0.00243468	2.46137e-06	2.78492e-16	0.00399322	0.00240136	0.00252654	2.06397e-06	1.22694e-05	0.94
221	0.00382733	0.00230109	0.00233864	2.29677e-06	2.78478e-16	0.00387222	0.00236636	0.00239494	1.94653e-06	1.14521e-05	0.9
222	0.00415954	0.00245445	0.00256263	2.85584e-06	2.76646e-16	0.00439084	0.00264156	0.00275574	3.22533e-06	1.53113e-05	0.92
223	0.00400219	0.00237214	0.00249243	2.47261e-06	2.8129e-16	0.00411736	0.00249306	0.00258353	2.20546e-06	1.16379e-05	0.96
224	0.00413815	0.00248357	0.00254392	2.74419e-06	2.78603e-16	0.0041489	0.00255377	0.00257204	2.12886e-06	1.31597e-05	0.94
225	0.0043556	0.00262196	0.00268784	2.83982e-06	2.81414e-16	0.00442496	0.00271617	0.00277143	2.34026e-06	1.27692e-05	0.96
226	0.00407265	0.00239226	0.00253259	2.7028e-06	2.79556e-16	0.00414399	0.00251176	0.00259547	2.16328e-06	1.28968e-05	0.98
227	0.00406031	0.00239578	0.00251594	2.68226e-06	2.76739e-16	0.0041257	0.00247052	0.00260018	2.22716e-06	1.28801e-05	0.9
228	0.00387523	0.00231153	0.00239384	2.41104e-06	2.81986e-16	0.00397318	0.00241951	0.00248409	2.07398e-06	1.18202e-05	0.96
229	0.00431987	0.00257108	0.00268685	2.85357e-06	2.75413e-16	0.00439073	0.00268391	0.00272013	2.39819e-06	1.28857e-05	1
230	0.00424391	0.00250963	0.00265212	2.7567e-06	2.77242e-16	0.00432951	0.00260623	0.00271514	2.36892e-06	1.17298e-05	1
231	0.00425103	0.0025131	0.00264061	2.99553e-06	2.75131e-16	0.00430154	0.00257691	0.00272747	2.35146e-06	1.25239e-05	0.98
232	0.00429781	0.00259262	0.00263601	2.74057e-06	2.82012e-16	0.0047117	0.00283456	0.00296125	4.1933e-06	1.31864e-05	0.94
233	0.00435796	0.00256403	0.00273118	3.00312e-06	2.78043e-16	0.00437642	0.00263326	0.0027643	2.40797e-06	1.32393e-05	0.96
234	0.00452985	0.00268024	0.00280914	3.23886e-06	2.8039e-16	0.0045682	0.00276592	0.00287293	2.62047e-06	1.29035e-05	0.92
235	0.00417142	0.00245493	0.00259683	2.79036e-06	2.7795e-16	0.00422996	0.00254878	0.00264723	2.32001e-06	1.2593e-05	0.98
236	0.0043273	0.00258486	0.00265322	3.01095e-06	2.7897e-16	0.00435568	0.00265184	0.002725	2.39763e-06	1.24248e-05	0.96
237	0.00423348	0.00250998	0.00261002	2.87711e-06	2.75438e-16	0.00429608	0.00261548	0.00267943	2.38189e-06	1.33016e-05	0.94
238	0.00464299	0.00282841	0.00284459	3.17437e-06	2.802e-16	0.00471376	0.00290088	0.00293158	2.65238e-06	1.23927e-05	0.92
239	0.00451765	0.00271882	0.00280359	3.06636e-06	2.78475e-16	0.00456345	0.00276926	0.00287768	2.61106e-06	1.221e-05	0.92
240	0.00463287	0.00274087	0.00288932	3.36523e-06	2.75709e-16	0.00469746	0.00283677	0.00296433	2.75546e-06	1.30974e-05	0.96
241	0.00404193	0.00242596	0.00245978	2.55484e-06	2.80373e-16	0.00413355	0.00253162	0.00254244	2.29349e-06	1.18698e-05	0.92
242	0.0045173	0.00267177	0.00282519	3.17108e-06	2.79272e-16	0.00460622	0.00277463	0.00291472	2.69198e-06	1.25204e-05	0.96
243	0.00447171	0.0026236	0.00277606	3.24939e-06	2.80019e-16	0.00451687	0.00268431	0.00285237	2.72319e-06	1.22875e-05	0.92
244	0.00450892	0.00269947	0.00278424	3.08165e-06	2.77925e-16	0.00455382	0.00276519	0.0028446	2.60372e-06	1.2076e-05	0.96
245	0.00443486	0.00267087	0.0027068	2.94425e-06	2.80921e-16	0.00456646	0.00277822	0.0028362	2.63464e-06	1.17983e-05	0.96
246	0.00485266	0.00292584	0.00297896	3.58759e-06	2.73027e-16	0.00493432	0.00301491	0.00309361	2.86858e-06	1.38797e-05	0.96
247	0.00477166	0.00280809	0.003005	3.56992e-06	2.77882e-16	0.00482265	0.00292445	0.00304034	2.87921e-06	1.24593e-05	0.94
248	0.00452719	0.00268458	0.00278258	3.46871e-06	2.78095e-16	0.0046169	0.00279606	0.00287142	2.81132e-06	1.35182e-05	0.96
249	0.00469379	0.00279365	0.00289509	3.61939e-06	2.78607e-16	0.0047561	0.00293073	0.00294428	2.79345e-06	1.33854e-05	0.92
250	0.00482167	0.00284089	0.00301328	3.69159e-06	2.79321e-16	0.00484749	0.00293491	0.00305987	2.92487e-06	1.40436e-05	0.98
251	0.00480674	0.00285457	0.00300927	3.40529e-06	2.79135e-16	0.00490536	0.00294548	0.00311555	2.99251e-06	1.21557e-05	0.98
252	0.00474571	0.00285032	0.00291242	3.56856e-06	2.81752e-16	0.0048327	0.0029372	0.00304524	2.87099e-06	1.23948e-05	0.94
253	0.00474317	0.00284918	0.00291776	3.48747e-06	2.82894e-16	0.00486874	0.00298138	0.00304658	2.98624e-06	1.28183e-05	0.94
254	0.00449501	0.00265503	0.00278778	3.22086e-06	2.76617e-16	0.00458962	0.00275298	0.00287593	2.79627e-06	1.15768e-05	0.96
255	0.00492512	0.00294559	0.00303503	3.71386e-06	2.81603e-16	0.00504117	0.00307334	0.0031438	3.05302e-06	1.32348e-05	0.94
256	0.00485016	0.00287432	0.00300454	3.6709e-06	2.74343e-16	0.00493555	0.00300396	0.00308921	3.03054e-06	1.27624e-05	1
257	0.00482186	0.00288148	0.00299846	3.66596e-06	2.78997e-16	0.00489548	0.0029987	0.00307175	3.00888e-06	1.33458e-05	0.98
258	0.00492679	0.00292052	0.00306924	3.61524e-06	2.79474e-16	0.00502812	0.00305379	0.00315212	3.09932e-06	1.25378e-05	0.94
259	0.0047311	0.00281933	0.00291725	3.53041e-06	2.82799e-16	0.00479405	0.00290617	0.00300129	2.94486e-06	1.32914e-05	0.96
260	0.00478983	0.00284254	0.00296873	3.6876e-06	2.77018e-16	0.00488591	0.00292789	0.00309356	3.09424e-06	1.2713e-05	0.96
261	0.00491743	0.00291597	0.00303019	3.94758e-06	2.80845e-16	0.00495834	0.00303696	0.00305844	3.16505e-06	1.30418e-05	0.9
262	0.00485987	0.00288962	0.00303434	3.60958e-06	2.81187e-16	0.00495152	0.00299586	0.00310737	3.21261e-06	1.1677e-05	0.98
263	0.00469965	0.0028211	0.00287374	3.34123e-06	2.81746e-16	0.00483689	0.0029274	0.003006	3.08925e-06	1.19395e-05	0.9
264	0.00491992	0.0029294	0.00306149	3.68474e-06	2.8122e-16	0.00497006	0.0030126	0.00309731	3.19823e-06	1.15772e-05	0.92
265	0.00505107	0.00301362	0.0031137	4.07942e-06	2.79979e-16	0.00511227	0.00312833	0.00317742	3.2669e-06	1.35947e-05	0.94
266	0.00519703	0.00309897	0.0032248	4.26629e-06	2.82767e-16	0.00525012	0.00319366	0.00328819	3.40656e-06	1.29553e-05	0.94
267	0.00496473	0.00291317	0.00307921	4.12716e-06	2.7818e-16	0.00503713	0.003035	0.00314684	3.38889e-06	1.31497e-05	0.94
268	0.00480494	0.00283258	0.00296962	3.88084e-06	2.80403e-16	0.00493529	0.00294008	0.00309945	3.30835e-06	1.22159e-05	1
269	0.00514956	0.0030674	0.00318312	4.12871e-06	2.85618e-16	0.00520806	0.00316247	0.00326202	3.35646e-06	1.30496e-05	0.92
270	0.00519243	0.00310841	0.00322134	3.97882e-06	2.7986e-16	0.00527931	0.00321796	0.00329601	3.39659e-06	1.26081e-05	0.88
271	0.00497271	0.00298519	0.00303584	3.98829e-06	2.75972e-16	0.00503213	0.00304629	0.00315132	3.23859e-06	1.29678e-05	1
272	0.00534288	0.0031709	0.00329754	4.62686e-06	2.82528e-16	0.00544928	0.00329376	0.00343821	3.59878e-06	1.46246e-05	0.98
273	0.00533337	0.00317521	0.00332805	4.26715e-06	2.81739e-16	0.00539112	0.00327596	0.00339569	3.52851e-06	1.32753e-05	0.96
274	0.00538892	0.00319012	0.00335808	4.49463e-06	2.84011e-16	0.00545585	0.00332957	0.00344095	3.57757e-06	1.39406e-05	0.96
275	0.00560346	0.0033634	0.00345583	4.73628e-06	2.86033e-16	0.00565932	0.00345835	0.00354668	3.86396e-06	1.26431e-05	0.96
276	0.00553672	0.00336981	0.00339123	4.60305e-06	2.77758e-16	0.0056708	0.00349527	0.00355572	3.79779e-06	1.3616e-05	0.96
277	0.00520474	0.00316256	0.0031669	4.10353e-06	2.87145e-16	0.00532296	0.00326519	0.00329082	3.65241e-06	1.25146e-05	0.98
278	0.00509405	0.00302149	0.00312845	4.27526e-06	2.80167e-16	0.00517165	0.00312638	0.00321228	3.67207e-06	1.23825e-05	0.9
279	0.00562677	0.00342328	0.00342891	4.89039e-06	2.78388e-16	0.00564998	0.00353104	0.00347815	3.85186e-06	1.41219e-05	1
280	0.0054605	0.00325385	0.00340418	4.44664e-06	2.82235e-16	0.00549237	0.00336407	0.00340315	3.80448e-06	1.23606e-05	0.94
281	0.00560138	0.00331067	0.00346128	5.18602e-06	2.78856e-16	0.00565865	0.00345114	0.00353722	3.9898e-06	1.49704e-05	0.98
282	0.00534994	0.00322471	0.00330256	4.36837e-06	2.86046e-16	0.00543484	0.00331739	0.00338385	3.92097e-06	1.13049e-05	0.94
283	0.0054154	0.00321691	0.00339056	4.28497e-06	2.79048e-16	0.00548228	0.00332053	0.00343844	3.85037e-06	1.14537e-05	1
284	0.0056534	0.00338005	0.00348968	4.88944e-06	2.80217e-16	0.00570455	0.00347041	0.00358563	3.94199e-06	1.38553e-05	0.94
285	0.00552067	0.00331137	0.00336228	4.98268e-06	2.79028e-16	0.00571623	0.00345334	0.00356195	4.99156e-06	1.46817e-05	0.96
286	0.00566587	0.00337615	0.00353115	4.65716e-06	2.78839e-16	0.00576909	0.0035154	0.00363257	4.00455e-06	1.30886e-05	1
287	0.0052688	0.00315159	0.0032427	4.55672e-06	2.83271e-16	0.00536807	0.00325841	0.00335484	3.86602e-06	1.21357e-05	0.96
288	0.00572303	0.00341581	0.00353768	5.20696e-06	2.8519e-16	0.00583935	0.00357179	0.00363865	4.28137e-06	1.30205e-05	0.98
289	0.00540585	0.00327823	0.00329152	4.69581e-06	2.81093e-16	0.0055147	0.00339957	0.00343485	3.73321e-06	1.43101e-05	0.94
290	0.00564449	0.00342561	0.00344702	4.81891e-06	2.85547e-16	0.00574676	0.00356693	0.00355257	3.98711e-06	1.27775e-05	0.98
291	0.00562784	0.00331149	0.00347128	5.30262e-06	2.88164e-16	0.00569266	0.00342754	0.00356485	4.16145e-06	1.43664e-05	0.92
292	0.00572363	0.00342869	0.003513	5.20471e-06	2.77874e-16	0.00585205	0.0035789	0.00364999	4.24995e-06	1.4485e-05	0.98
293	0.00598174	0.00356277	0.00370151	5.58143e-06	2.80569e-16	0.00597929	0.00364774	0.00375443	4.33689e-06	1.43577e-05	0.96
294	0.00734408	0.00438615	0.0044724	3.36126e-05	2.79544e-16	0.00725719	0.00444641	0.00445453	3.21538e-05	2.01831e-05	1
295	0.0059136	0.0035273	0.00368476	5.36257e-06	2.83314e-16	0.00605592	0.00368631	0.00382194	4.43599e-06	1.30727e-05	0.98
296	0.00572228	0.00339342	0.00357403	4.78229e-06	2.84509e-16	0.00578043	0.00351931	0.00361221	4.20793e-06	1.28788e-05	0.98
297	0.00627192	0.00377327	0.00387167	6.03084e-06	2.90806e-16	0.00645012	0.00394978	0.00404827	4.82395e-06	1.3896e-05	0.98
298	0.00612755	0.00366639	0.00379426	6.26669e-06	2.8118e-16	0.00587642	0.00356587	0.0037148	4.16596e-06	1.57579e-05	0.88
299	0.00587383	0.0034422	0.00370649	5.32383e-06	2.86213e-16	0.00598477	0.00357103	0.00384062	4.39945e-06	1.3343e-05	0.92
