FocalLength	QR_Kcost	maxQR_Kcost	QR_Focalcost	QR_PPcost	QR_Skewcost	QR_RRtcost	IAC_Kcost	maxIAC_Kcost	IAC_Focalcost	IAC_PPcost	IAC_Skewcost	IAC_RRtcost
4	0.000364859	0.00220658	0.000205072	0.000232059	2.71741e-08	3.21499e-16	0.000312829	0.00224582	0.000202319	0.000189019	2.13142e-08	5.96843e-05
5	0.00151874	0.0181714	0.000827393	0.000894347	4.58066e-06	2.74367e-16	0.00100799	0.0146222	0.000564878	0.000614063	1.927e-06	0.000241571
6	0.00179621	0.0503944	0.00107858	0.0011068	4.39247e-06	2.962e-16	0.00068359	0.0064063	0.000397266	0.000428532	2.2675e-07	0.000359653
7	0.00342494	0.16038	0.00192631	0.00185442	8.06451e-05	2.87017e-16	0.00106263	0.0199438	0.000618447	0.0006783	8.37574e-07	0.000565886
8	0.00213773	0.0667912	0.00132336	0.00120958	4.15141e-06	2.73328e-16	0.000971844	0.0112402	0.000582393	0.000598845	5.3723e-07	0.000281827
9	0.00307945	0.210786	0.00172114	0.0019982	1.54484e-05	2.84605e-16	0.00104893	0.0483537	0.000640645	0.000658316	4.48887e-07	0.000394764
10	0.00349737	0.190538	0.00210973	0.00187072	4.9779e-05	2.8819e-16	0.00123995	0.021022	0.000730328	0.000774445	8.61197e-07	0.000398238
11	0.00411082	0.732454	0.00217966	0.00249412	0.000211372	2.81719e-16	0.00130332	0.0317266	0.000763287	0.000820763	1.26773e-06	0.000440753
12	0.0049358	0.927985	0.00265385	0.00308521	0.000123375	2.83344e-16	0.00148574	0.0399813	0.000864332	0.000927766	1.75203e-06	0.000484529
13	0.00435036	0.356571	0.00267695	0.00242393	4.23367e-05	2.77092e-16	0.00163508	0.242757	0.00102411	0.000971519	1.91337e-06	0.000370724
14	0.00497935	0.428068	0.00295587	0.00297631	5.78695e-05	2.72391e-16	0.00184457	0.0802692	0.00106086	0.00118411	2.3937e-06	0.000409627
15	0.00429024	0.409895	0.00250752	0.00247164	6.06594e-05	2.8069e-16	0.00176509	0.0402059	0.00106809	0.00107965	1.65205e-06	0.000315761
16	0.00499356	0.804285	0.00295831	0.00302763	4.59559e-05	2.81731e-16	0.0019836	0.23648	0.00114722	0.00128575	2.91405e-06	0.000346104
17	0.00703909	1.05932	0.00416297	0.00412656	0.0002857	2.82959e-16	0.00206428	0.080014	0.00126993	0.00126354	2.07165e-06	0.000501897
18	0.00620937	1.40252	0.00371079	0.00368272	0.000175689	2.8125e-16	0.00216284	0.0713185	0.00128675	0.00133978	2.88529e-06	0.000397242
19	0.00647794	1.05249	0.0039418	0.00359889	0.000146384	2.83748e-16	0.00232607	0.125308	0.00142046	0.00142019	3.12029e-06	0.000392539
20	0.00766336	1.36466	0.00463363	0.0042588	0.000477502	2.85401e-16	0.00243719	0.154762	0.00146253	0.00154098	3.09361e-06	0.000455968
21	0.00653962	0.943935	0.00371028	0.0040016	0.000118562	2.81162e-16	0.00271548	0.329699	0.00159807	0.0016971	1.10033e-05	0.000341159
22	0.0070136	0.655882	0.00414498	0.00406369	0.000114888	2.80995e-16	0.00276108	0.1498	0.00163255	0.00175317	5.19411e-06	0.000355933
23	0.00698433	0.480777	0.0041161	0.00409276	0.000109611	2.81395e-16	0.00289542	0.116268	0.0017866	0.00176611	4.674e-06	0.000335653
24	0.00805039	0.641209	0.00461195	0.00489677	0.000151801	2.81373e-16	0.00295812	0.241473	0.001799	0.00182182	6.22929e-06	0.000387604
25	0.00886654	2.00452	0.00552243	0.0048645	0.000443836	2.79814e-16	0.00299618	0.172702	0.0018123	0.00186045	4.89879e-06	0.000405581
26	0.00842795	1.49869	0.00514372	0.00476335	0.000191524	2.79817e-16	0.00311915	0.314314	0.00188769	0.00188925	1.59452e-05	0.000369844
27	0.00887761	1.6789	0.00492409	0.00546298	0.000374672	2.78586e-16	0.00324871	0.126384	0.00196455	0.00203127	5.03257e-06	0.000378331
28	0.00998703	2.01883	0.00576285	0.00606234	0.000406209	2.78692e-16	0.003394	0.312403	0.00205621	0.002124	5.62811e-06	0.000409178
29	0.00930234	1.64665	0.00549184	0.00548633	0.000177324	2.77997e-16	0.00348589	0.237216	0.00212415	0.00215586	6.33221e-06	0.00037014
30	0.00988101	0.971345	0.0056381	0.00585301	0.00038877	2.79361e-16	0.00368343	0.440134	0.00222415	0.00228322	1.05007e-05	0.000373997
31	0.0110328	2.10557	0.00639283	0.0067922	0.000570004	2.76494e-16	0.00380552	0.202155	0.00231055	0.00237183	7.53897e-06	0.000412868
32	0.0121509	1.95333	0.00709086	0.00743607	0.000783469	2.82858e-16	0.00400342	0.476483	0.00241412	0.00253011	1.3618e-05	0.000443298
33	0.0108332	1.44502	0.00655862	0.00629056	0.000356698	2.80984e-16	0.0045038	0.62595	0.00276918	0.00275065	1.96528e-05	0.000354439
34	0.0131672	2.14422	0.00773063	0.00770533	0.000932231	2.80675e-16	0.00415636	0.441564	0.00255788	0.0025552	8.65259e-06	0.000450332
35	0.0112872	2.29754	0.00636651	0.00673746	0.00105835	2.81226e-16	0.00444775	0.507857	0.00264252	0.00282624	2.22889e-05	0.000361206
36	0.0116087	0.875364	0.00679456	0.00715695	0.000216448	2.81134e-16	0.00438281	0.457383	0.00273748	0.0026751	9.76208e-06	0.000364
37	0.0129093	2.79143	0.00734409	0.00819407	0.000488297	2.83163e-16	0.00453192	0.15489	0.0026876	0.00282854	1.75682e-05	0.000399216
38	0.0118472	1.82331	0.00671418	0.00698318	0.000736069	2.84929e-16	0.00442747	0.206572	0.00271342	0.00274457	1.13838e-05	0.000355725
39	0.0128069	2.69098	0.00764706	0.00713749	0.00152051	2.81499e-16	0.0046901	0.377668	0.00287425	0.00289984	1.26036e-05	0.000371378
40	0.0131532	1.91562	0.00788085	0.0075522	0.000966163	2.8466e-16	0.0047124	0.158703	0.0028951	0.00291607	1.10039e-05	0.000378215
41	0.012425	0.825135	0.00743143	0.00739273	0.0002956	2.82429e-16	0.00524005	0.727671	0.00319194	0.00331228	1.14021e-05	0.000327721
42	0.0120689	1.33709	0.00705158	0.00718527	0.000292877	2.81e-16	0.00484209	0.16352	0.00292548	0.00307486	9.80812e-06	0.000322887
43	0.013548	1.45301	0.00818847	0.00804824	0.000409604	2.85404e-16	0.00518595	0.697581	0.00317557	0.00324441	2.23836e-05	0.000356378
44	0.0140035	3.11194	0.00835403	0.00858786	0.000552315	2.82385e-16	0.00538711	0.88209	0.00340939	0.00329997	2.52537e-05	0.000347529
45	0.0160916	3.13022	0.00954052	0.00926139	0.00375517	2.85196e-16	0.00540208	0.252271	0.0032593	0.00337258	1.68843e-05	0.00040599
46	0.015085	3.50194	0.00946954	0.00845851	0.0018725	2.81888e-16	0.00550817	0.541655	0.00346631	0.00340622	1.07234e-05	0.000373571
47	0.0163514	3.06032	0.00954581	0.00973264	0.00147816	2.83573e-16	0.0057204	0.734888	0.00351743	0.00360487	3.25544e-05	0.000401717
48	0.0149518	1.21527	0.00919754	0.00888838	0.00050079	2.80587e-16	0.00598515	0.370721	0.0037435	0.00370225	1.75611e-05	0.000347505
49	0.0168993	2.79789	0.0107346	0.0092565	0.00150773	2.77445e-16	0.00549218	0.212467	0.00337646	0.00344793	1.0939e-05	0.000390481
50	0.0169264	1.57953	0.00970252	0.010225	0.00125575	2.82891e-16	0.00607983	0.281792	0.00384294	0.00374153	1.57687e-05	0.000391805
51	0.0176455	3.60577	0.0102216	0.0103946	0.00221702	2.77795e-16	0.00600581	0.203149	0.00364406	0.00381171	1.83276e-05	0.000392514
52	0.0155998	1.68125	0.00900556	0.00926187	0.00114948	2.78009e-16	0.00620337	0.741772	0.00374371	0.00396224	2.25709e-05	0.000330653
53	0.018637	3.37196	0.0102236	0.0118864	0.00148672	2.76581e-16	0.00634573	0.705588	0.00393603	0.00402352	1.77072e-05	0.000411374
54	0.0174236	2.65397	0.0101454	0.0109573	0.00127982	2.80163e-16	0.00634404	0.907073	0.00381387	0.00417132	2.23219e-05	0.000367198
55	0.0173601	3.4008	0.0106108	0.00980921	0.00214022	2.7917e-16	0.00652946	0.602579	0.00407872	0.00411228	3.22725e-05	0.000355303
56	0.0166322	2.77025	0.0100542	0.00988178	0.000402034	2.77595e-16	0.00632327	0.707198	0.00387977	0.00384596	0.000163289	0.000329645
57	0.0186635	3.63462	0.0114618	0.0105985	0.00295759	2.79488e-16	0.00652094	0.647538	0.00407946	0.00410118	1.43184e-05	0.000380367
58	0.0197137	2.41662	0.0111522	0.0120994	0.00133024	2.80723e-16	0.00720406	0.442884	0.00450728	0.00446554	6.07922e-05	0.000386817
59	0.020657	4.19905	0.0125433	0.0128185	0.000901928	2.74158e-16	0.00687377	0.310447	0.004399	0.0042822	1.42491e-05	0.000400903
60	0.0194081	1.8651	0.0117121	0.0118056	0.000815726	2.81336e-16	0.00703922	0.378406	0.00439343	0.00444727	2.5948e-05	0.000369691
61	0.0197495	3.1562	0.0119859	0.0121669	0.000568887	2.77692e-16	0.00705683	0.316186	0.00435803	0.0045205	1.35771e-05	0.000370755
62	0.0186572	1.16298	0.0107836	0.01169	0.000669948	2.81653e-16	0.00683546	0.565904	0.00430133	0.00435148	1.72478e-05	0.000344397
63	0.0192983	1.18294	0.0112468	0.0119636	0.000602128	2.79383e-16	0.00770779	0.359782	0.00491347	0.00484017	1.54352e-05	0.000339728
64	0.0202356	3.46809	0.0121381	0.0122435	0.000901032	2.78954e-16	0.00706719	0.283551	0.00440527	0.0045317	1.506e-05	0.000360068
65	0.0184435	1.76988	0.0118083	0.0105672	0.000278139	2.82727e-16	0.00713142	0.335441	0.00447219	0.00450767	1.99481e-05	0.000316136
66	0.0201911	3.18653	0.0119216	0.0110907	0.00507621	2.80828e-16	0.00732194	0.298292	0.00465023	0.0045856	1.58531e-05	0.000344498
67	0.0198921	1.3677	0.0113959	0.0118789	0.00127536	2.86437e-16	0.00704844	0.160091	0.00439365	0.00456334	1.07002e-05	0.000351426
68	0.0208876	1.72788	0.0130688	0.0121482	0.00151092	2.81172e-16	0.00776349	0.432215	0.00498881	0.0048642	1.78537e-05	0.000346787
69	0.0230693	1.22521	0.0137231	0.0130181	0.00176025	2.80597e-16	0.00881484	0.97787	0.00542164	0.00590454	3.23068e-05	0.000370465
70	0.0203371	2.86294	0.0129098	0.0110366	0.000726039	2.83795e-16	0.00761107	0.692389	0.00501494	0.00456161	3.23959e-05	0.000333339
71	0.0220989	1.6415	0.0133204	0.0131081	0.000922522	2.82248e-16	0.0085043	1.27724	0.00503927	0.00567483	0.000242879	0.000348703
72	0.0243593	2.28373	0.0146049	0.0152251	0.000906326	2.83235e-16	0.0075091	0.300154	0.00479488	0.00480005	1.15631e-05	0.000401795
73	0.025683	4.92633	0.0158428	0.0134386	0.0115033	2.81447e-16	0.00750638	0.324558	0.00460139	0.00505359	1.35875e-05	0.000427116
74	0.0216109	3.41692	0.0124075	0.013578	0.00211598	2.8223e-16	0.00841211	0.383483	0.0054503	0.00539304	1.54934e-05	0.000328189
75	0.0278329	3.77493	0.014368	0.0185401	0.00727778	2.84227e-16	0.00819953	0.87823	0.00521266	0.00541162	5.12889e-05	0.000437125
76	0.0217775	1.1734	0.0131418	0.0136047	0.000680399	2.8523e-16	0.00769927	0.134081	0.00473426	0.00507834	1.53577e-05	0.000327725
77	0.0227974	1.9893	0.013662	0.0130555	0.00176294	2.79986e-16	0.0081107	0.382327	0.00522422	0.00526429	9.27524e-06	0.000328926
78	0.0264856	1.57221	0.0151958	0.0171639	0.00194007	2.81171e-16	0.00807704	0.309061	0.00514911	0.00528376	2.09691e-05	0.000406157
79	0.0191604	1.38168	0.0115258	0.011527	0.000951339	2.87602e-16	0.00739092	0.416861	0.00468469	0.00489139	5.05386e-06	0.000274794
80	0.0278121	2.19083	0.0154428	0.0172335	0.003212	2.84788e-16	0.0085219	0.172926	0.00548784	0.0055649	1.27118e-05	0.000412922
81	0.0289946	4.55605	0.0194026	0.0155859	0.00335002	2.86844e-16	0.00865989	0.445209	0.0056954	0.00547873	1.80284e-05	0.000429356
82	0.0239597	1.79633	0.0147886	0.0139767	0.00236412	2.84167e-16	0.0114118	1.3987	0.00713585	0.00779305	6.68921e-05	0.000287769
83	0.0286916	4.11805	0.0171871	0.0149427	0.0134024	2.79419e-16	0.00967996	0.43541	0.0064689	0.00607336	9.24348e-06	0.000393401
84	0.0196854	0.983335	0.0119211	0.0110369	0.00107623	2.84827e-16	0.00866096	0.36543	0.00546329	0.00579225	8.98187e-06	0.00025694
85	0.0286182	5.02031	0.0166285	0.0175868	0.00522501	2.85359e-16	0.00842524	0.167872	0.00563323	0.00540053	5.06363e-06	0.00041273
86	0.0294956	1.96022	0.016495	0.0183447	0.00345939	2.84986e-16	0.00889235	0.764205	0.00563194	0.00588776	0.000202524	0.000409549
87	0.0282904	1.58301	0.0172789	0.017598	0.00100479	2.83022e-16	0.00899968	0.185719	0.00611577	0.00568239	9.59468e-06	0.000393583
88	0.0354298	4.22959	0.0203257	0.0194162	0.0174969	2.80462e-16	0.0104246	1.04736	0.00677877	0.00687331	3.38354e-05	0.00046608
89	0.0279195	2.69921	0.016661	0.0154683	0.00718555	2.7584e-16	0.00957296	0.306026	0.00637153	0.00604155	9.28488e-06	0.000364308
90	0.0271273	2.54947	0.0153717	0.0168713	0.00466252	2.77759e-16	0.0103648	0.567059	0.00684197	0.00667011	2.85626e-05	0.000332897
91	0.020013	0.981557	0.0123365	0.011631	0.000687899	2.86115e-16	0.0085698	0.21685	0.00547475	0.00568326	7.97807e-06	0.000246632
92	0.0239162	1.49702	0.0148281	0.0143327	0.00128943	2.81345e-16	0.011441	1.09527	0.00785776	0.00722475	2.50033e-05	0.000274421
93	0.0243669	1.53566	0.0145192	0.0146012	0.00231587	2.83001e-16	0.0103285	0.52834	0.00680518	0.00670959	9.00177e-06	0.000288722
94	0.0335498	1.56835	0.0213169	0.0187667	0.00456748	2.85645e-16	0.0115829	1.2734	0.00806741	0.00707722	5.42638e-05	0.0004035
95	0.0248274	0.955273	0.015904	0.0136547	0.000801799	2.7628e-16	0.0110278	0.442752	0.00760863	0.00673428	7.82935e-06	0.000279195
96	0.0267709	1.81987	0.0168994	0.0140176	0.00248649	2.76287e-16	0.00872165	0.259709	0.00578577	0.00568184	5.25471e-06	0.000329312
97	0.0243778	1.35248	0.0150231	0.0145633	0.00095706	2.8063e-16	0.0119678	0.398989	0.00785225	0.00772929	1.72265e-05	0.000256241
98	0.0266777	0.990011	0.0165054	0.0152088	0.00100462	2.85898e-16	0.00968909	0.106976	0.00673522	0.00593499	8.16831e-06	0.00031225
99	0.0348251	3.92374	0.0230688	0.0207012	0.000861984	2.82594e-16	0.0120274	0.646121	0.00823614	0.0075535	7.21933e-06	0.000390765
100	0.0261263	1.16774	0.0153859	0.0169396	0.00054243	2.82046e-16	0.0101138	0.259929	0.00707586	0.0061726	7.02826e-06	0.000295838
101	0.023639	0.631062	0.0152094	0.013143	0.000531308	2.79547e-16	0.0110789	0.194321	0.00723932	0.00723321	8.44511e-06	0.00024304
102	0.0328218	1.69825	0.021641	0.0185715	0.00173555	2.76245e-16	0.0185271	1.52872	0.0145305	0.00913758	0.000209824	0.000299636
103	0.0462454	6.2122	0.0255348	0.0277752	0.0222791	2.78389e-16	0.010866	0.196107	0.00715701	0.00720718	1.22925e-05	0.000555181
104	0.0345201	1.55439	0.0197719	0.0214515	0.0027208	2.78021e-16	0.0126238	1.1852	0.00762976	0.00855943	0.000118509	0.000374977
105	0.0407029	2.34063	0.0228986	0.0259661	0.0039332	2.76885e-16	0.0110675	0.197777	0.00720056	0.00729752	4.72728e-06	0.000475363
106	0.0312226	2.46779	0.020869	0.0173659	0.000553836	2.82245e-16	0.0097168	0.126484	0.00661964	0.00607897	4.1112e-06	0.000335383
107	0.0278779	0.908252	0.0174455	0.0168657	0.000666572	2.89207e-16	0.0132049	0.621874	0.0092082	0.00828265	6.08174e-06	0.000266716
108	0.0272815	1.69035	0.016022	0.0144755	0.00605187	2.76063e-16	0.00956676	0.14735	0.00634513	0.00632802	3.51463e-06	0.000285521
109	0.0348681	2.1306	0.0233231	0.0180451	0.00288678	2.68239e-16	0.0105376	0.169741	0.00682738	0.00705113	5.08059e-06	0.000380604
110	0.029218	1.28616	0.0197409	0.0165275	0.000243138	2.74836e-16	0.010225	0.144551	0.00683844	0.00670407	4.36535e-06	0.000299602
111	0.0295415	1.04983	0.017161	0.0196323	0.000620709	2.78815e-16	0.0102015	0.130501	0.00690196	0.00673038	2.93735e-06	0.000316645
112	0.030756	1.50467	0.0191041	0.0170773	0.00103793	2.81413e-16	0.0111699	0.270696	0.00762915	0.00701337	5.04458e-06	0.000314906
113	0.0324995	2.0404	0.0223041	0.0167461	0.000680855	2.7442e-16	0.0111637	0.28237	0.00731907	0.00752092	2.75719e-06	0.000332402
114	0.0302817	1.27997	0.0167591	0.0193392	0.00119673	2.71815e-16	0.0124364	0.168118	0.00789908	0.0084575	7.87932e-06	0.000289885
115	0.0423899	3.81131	0.0282795	0.0201307	0.0242323	2.80287e-16	0.0108094	0.109118	0.00750262	0.0069095	7.88998e-06	0.000457326
116	0.0294808	1.12201	0.0178748	0.0182791	0.00079996	2.88176e-16	0.0109647	0.19386	0.00687257	0.00756111	8.60961e-06	0.000282657
117	0.0361727	0.962551	0.0236083	0.0214684	0.00101528	2.83001e-16	0.0120444	0.259416	0.00841896	0.0076376	2.23313e-06	0.000355082
118	0.0589846	8.0793	0.0325601	0.0429505	0.0132689	2.77391e-16	0.0140391	0.27367	0.0094428	0.00931988	5.11314e-06	0.000596548
119	0.0384556	1.49945	0.0187144	0.0250341	0.00523922	2.78982e-16	0.0146584	0.487367	0.00985055	0.00944432	9.03966e-06	0.000340467
120	0.0521851	5.31889	0.0296934	0.0354093	0.0021708	2.775e-16	0.0119721	0.103893	0.00801546	0.00794358	5.50817e-06	0.000548669
121	0.0720514	9.51484	0.0587195	0.0272669	0.00188367	2.7985e-16	0.0112041	0.0787101	0.00773991	0.00717653	2.9701e-06	0.000685804
122	0.0279153	0.445868	0.0157848	0.0165487	0.000671087	2.83838e-16	0.0104085	0.0686736	0.00735591	0.00628732	1.95816e-06	0.000269473
123	0.078523	8.20167	0.034693	0.0512106	0.136395	2.82204e-16	0.0144276	0.34795	0.00978173	0.00942932	4.53103e-06	0.000804754
124	0.040816	2.40651	0.0295764	0.0187793	0.00780193	2.78535e-16	0.0109024	0.0904762	0.00764074	0.00697166	1.85153e-06	0.000396277
125	0.0358458	1.17674	0.0211427	0.0212849	0.0043693	2.80916e-16	0.0130843	0.287633	0.00860385	0.00889525	3.45211e-06	0.000313289
126	0.0727807	7.89483	0.0532223	0.0187233	0.13396	2.77322e-16	0.0130031	0.137695	0.00923048	0.00783592	4.82494e-06	0.000743693
127	0.0664256	6.75132	0.0444899	0.0410034	0.00431507	2.62898e-16	0.0128	0.230765	0.00889486	0.00809579	3.19256e-06	0.000636419
128	0.0575685	2.20682	0.031365	0.037804	0.0142084	2.96376e-16	0.0127184	0.0860117	0.00858401	0.00834321	8.05908e-06	0.000562204
129	0.0519067	1.87246	0.0301777	0.0264557	0.0160419	2.77422e-16	0.0145168	0.144553	0.009952	0.00953275	4.84827e-06	0.000483103
130	0.0306222	0.598147	0.0177499	0.0191887	0.0014886	2.82261e-16	0.0146919	0.355461	0.00928139	0.0100889	3.23647e-06	0.000240615
131	0.0866293	6.14612	0.0557079	0.0452315	0.0747372	2.76741e-16	0.0154926	0.463552	0.0113407	0.00941166	2.22275e-06	0.000845079
132	0.0342146	0.605964	0.0197986	0.0203784	0.00111589	2.66849e-16	0.0132342	0.142835	0.00873165	0.00905532	7.12458e-06	0.000293793
133	0.0364129	0.784484	0.0249083	0.0206331	0.000800125	2.88752e-16	0.0128451	0.108354	0.00914345	0.0080595	2.1547e-06	0.000303373
134	0.0605145	2.31252	0.0321824	0.0415531	0.00674273	2.94833e-16	0.0147822	0.275345	0.0105238	0.00902593	2.17281e-06	0.00058533
135	0.0568472	2.95525	0.0292115	0.0385049	0.0126178	2.75743e-16	0.0169216	0.308049	0.012182	0.0104709	2.60328e-06	0.000506219
136	0.0611023	4.12192	0.0301915	0.0352284	0.046179	2.83534e-16	0.0135453	0.174521	0.00944127	0.00854224	1.6498e-06	0.000571511
137	0.0439566	1.0027	0.0280582	0.0258221	0.00271672	2.75931e-16	0.0132457	0.102915	0.00937085	0.00832225	7.21591e-07	0.000384611
138	0.0350497	0.578573	0.0198199	0.0240665	0.000645708	2.68961e-16	0.015461	0.341663	0.00971842	0.0110049	3.16917e-06	0.000257269
139	0.0375195	0.356907	0.0212921	0.0247939	0.000599363	2.95318e-16	0.0175028	0.159612	0.0124628	0.011139	2.49286e-06	0.000293912
140	0.110155	11.8666	0.0975355	0.0297489	0.000772598	2.90269e-16	0.0154765	0.105343	0.0105435	0.00975995	3.67967e-06	0.000851858
141	0.0293289	0.551571	0.0172341	0.0177842	0.00105173	2.82299e-16	0.0139906	0.113003	0.0103553	0.00830998	3.40197e-06	0.00023399
142	0.0496845	2.06894	0.0315992	0.0249614	0.00851785	2.73796e-16	0.0160943	0.30064	0.0109103	0.0105626	3.98811e-06	0.000426847
143	0.0346763	0.31061	0.0213164	0.0196948	0.000875022	2.78465e-16	0.0171326	0.309561	0.0128215	0.00983654	1.73224e-06	0.000238073
144	0.0581597	0.74231	0.0323366	0.0328597	0.00625518	2.79492e-16	0.0154869	0.10854	0.0113361	0.00929238	2.27104e-06	0.000494945
145	0.0394557	0.919053	0.0223985	0.0252642	0.00366808	2.7918e-16	0.0145857	0.0693484	0.0101222	0.00912808	1.21708e-06	0.000309998
146	0.0310098	0.304379	0.0178126	0.0213625	0.000489029	2.80894e-16	0.0141784	0.11449	0.00972444	0.00923919	5.00478e-07	0.000227139
147	0.0448305	2.17094	0.0302961	0.0282349	0.00132147	2.84736e-16	0.0144328	0.124936	0.010101	0.00912428	1.42759e-06	0.000327028
148	0.0393188	0.372178	0.0222059	0.0253254	0.000902487	2.86331e-16	0.0167849	0.193768	0.0113468	0.0111084	1.57198e-06	0.000287767
149	0.0485353	0.892951	0.0304997	0.0286561	0.00131868	2.77285e-16	0.0182614	0.177786	0.0137257	0.0108669	9.04396e-07	0.000346489
150	0.0503176	0.533013	0.0336639	0.0255421	0.002686	2.84068e-16	0.0151113	0.089253	0.0117716	0.0083349	4.81684e-07	0.000405594
151	0.0410632	0.550462	0.0202401	0.0290891	0.00171291	2.91929e-16	0.0160309	0.172341	0.0109734	0.0104003	1.1079e-06	0.000311141
152	0.0397312	0.740149	0.0251263	0.0244665	0.000448292	2.60415e-16	0.0192151	0.154648	0.0122638	0.0132328	4.71478e-06	0.000272951
153	0.02212	0.292513	0.0143626	0.0128023	0.000400223	2.56912e-16	0.0142394	0.13562	0.00986787	0.00869265	4.0121e-07	0.000154097
154	0.035381	0.390177	0.0221359	0.0204779	0.00110088	2.88368e-16	0.019041	0.148439	0.0140543	0.010895	3.21483e-06	0.000240275
155	0.0902671	3.53685	0.0556967	0.05538	0.00851398	2.67333e-16	0.0182723	0.136774	0.0134304	0.0109504	6.82713e-07	0.000695523
156	0.0289757	0.200195	0.0194682	0.0167904	0.000221611	2.85828e-16	0.0178738	0.164298	0.0134709	0.0100423	7.3432e-07	0.000166413
157	0.0785117	1.63942	0.058251	0.0417852	0.00539555	2.6971e-16	0.0212228	0.179873	0.0150096	0.0124118	1.95493e-06	0.000571343
158	0.045276	0.42086	0.0283145	0.027052	0.0017006	2.63099e-16	0.0215393	0.182971	0.0147218	0.0135455	3.68557e-06	0.000282631
159	0.0467731	0.807816	0.0306751	0.0288169	0.00137608	2.93833e-16	0.0203826	0.226525	0.0143189	0.0127707	4.90778e-07	0.000325849
160	0.0788122	3.45293	0.0543342	0.0530343	0.00235817	2.75896e-16	0.0243592	0.209377	0.0186963	0.0138647	1.47338e-06	0.00052191
161	0.0480452	1.02464	0.024398	0.0320344	0.00688392	2.71305e-16	0.0166039	0.0961127	0.0116765	0.0106084	4.54131e-07	0.000345469
162	0.0756953	2.41248	0.0448668	0.0365601	0.0454825	2.82574e-16	0.0216509	0.141338	0.0145761	0.0146778	1.248e-06	0.000540464
163	0.0589646	0.683556	0.0363288	0.0372912	0.00156567	2.74788e-16	0.022463	0.314023	0.0142405	0.0152062	5.45378e-07	0.000412674
164	0.0729853	1.5248	0.0405678	0.0448935	0.0190907	2.73257e-16	0.0243372	0.338561	0.0179724	0.0140948	1.15909e-06	0.000507279
165	0.119552	2.90051	0.0728963	0.0460765	0.117937	2.96012e-16	0.0188005	0.118951	0.0131106	0.0122694	5.28921e-07	0.00093947
166	0.060023	0.731387	0.0386448	0.0283441	0.0072232	2.79502e-16	0.0172561	0.0661569	0.0131537	0.00942529	2.26705e-07	0.000440073
167	0.10927	2.49668	0.0610346	0.0516208	0.0761257	2.75169e-16	0.0193623	0.175542	0.0157011	0.00902166	5.61778e-07	0.000864361
168	0.0619384	0.522003	0.0334495	0.0391541	0.00230216	2.78075e-16	0.0252173	0.176311	0.0173156	0.0159679	8.16545e-07	0.000409762
169	0.0541385	1.42244	0.0342421	0.0303693	0.0122443	2.88057e-16	0.0174347	0.113721	0.0123005	0.0111187	4.32015e-07	0.000380757
170	0.0680003	1.03016	0.0448692	0.0395272	0.00838084	2.70541e-16	0.030493	0.209208	0.0253232	0.0152409	4.2852e-07	0.000426014
171	0.0467579	0.326123	0.0283776	0.0297952	0.000925876	2.9191e-16	0.0227064	0.0853784	0.0162151	0.0140437	8.18517e-07	0.000295066
172	0.0601182	0.694864	0.0346444	0.0429928	0.00149117	2.70919e-16	0.0199835	0.115095	0.0141557	0.0121804	2.30585e-07	0.000398376
173	0.0482708	0.428852	0.0302801	0.0290983	0.0009863	2.83997e-16	0.0230208	0.36963	0.0162957	0.0148411	2.60149e-07	0.000264297
174	0.110579	2.42597	0.0781004	0.0706496	0.000967287	2.69281e-16	0.0240081	0.11051	0.0186345	0.0135253	5.37983e-07	0.000762736
175	0.0851913	0.9214	0.0571443	0.0456109	0.00373212	3.04725e-16	0.030447	0.315627	0.0209364	0.0197503	5.41222e-06	0.000550436
176	0.0584669	0.633735	0.0314851	0.034553	0.003304	2.88812e-16	0.0247218	0.0782725	0.0188723	0.0141124	3.56812e-07	0.000369036
177	0.0569783	0.647707	0.0373204	0.0318928	0.00117128	2.79462e-16	0.029513	0.666792	0.0239463	0.014199	1.05998e-06	0.000311756
178	0.0658172	0.80989	0.0389393	0.0360621	0.00661539	3.11451e-16	0.0267632	0.201767	0.018736	0.0167176	4.7363e-07	0.000431768
179	0.0475949	0.62597	0.0362789	0.0249236	0.000113403	2.87684e-16	0.0234834	0.15282	0.0167777	0.014081	4.5008e-07	0.000258395
180	0.0565664	0.579583	0.0390511	0.0290316	0.00110199	3.0466e-16	0.0158993	0.0503071	0.0105246	0.0104448	3.46433e-07	0.000407525
181	0.0674843	0.514478	0.0423628	0.0413023	0.00248226	2.83128e-16	0.0311446	0.220742	0.0226747	0.0183393	8.83218e-07	0.000367988
182	0.0438498	0.163996	0.0272968	0.0226318	0.0011457	2.51859e-16	0.0258656	0.149173	0.0191362	0.0151519	5.16023e-07	0.000234046
183	0.0544974	0.298365	0.0306297	0.0378944	0.000567841	2.62071e-16	0.0269852	0.104651	0.0191065	0.0162604	1.09363e-06	0.000305977
184	0.137803	3.70272	0.11172	0.0677216	0.00111618	3.11025e-16	0.0223558	0.0775897	0.0146728	0.0154596	4.98992e-07	0.000877791
185	0.0452196	0.178773	0.0304283	0.0243012	0.000674374	2.6222e-16	0.0287547	0.138816	0.0207154	0.0166193	1.44032e-06	0.0001958
186	0.0572131	0.332056	0.0372494	0.0326163	0.00101378	2.87121e-16	0.0345998	0.32746	0.0272997	0.018412	6.21217e-07	0.000291267
187	0.0611203	0.392098	0.0379866	0.0352794	0.00230005	3.23185e-16	0.0298938	0.163707	0.0215532	0.0185342	2.72985e-07	0.00033893
188	0.171517	2.97053	0.0917313	0.119418	0.0411661	2.94677e-16	0.0289691	0.11589	0.0206494	0.0180644	4.87046e-07	0.00115032
189	0.0465379	0.220161	0.0292054	0.0251312	0.00127103	2.74529e-16	0.0213518	0.0697521	0.0174267	0.0102386	1.59754e-07	0.000277096
190	0.0446797	0.231942	0.0269101	0.0297393	0.000304838	2.98059e-16	0.0191047	0.0597646	0.014707	0.0101859	1.6866e-07	0.000273137
191	0.0757917	0.68712	0.0451064	0.0344139	0.00981577	2.75634e-16	0.0300437	0.134955	0.0239596	0.0162167	3.91594e-07	0.000442069
192	0.541808	12.1097	0.107246	0.412645	2.03404	2.30029e-16	0.0221646	0.139495	0.01264	0.0165439	1.77318e-06	0.00390562
193	0.10173	1.10972	0.0587763	0.0689962	0.0047129	2.85832e-16	0.0301233	0.132595	0.0227346	0.017498	1.67452e-07	0.000594361
194	0.0777295	0.653383	0.0441143	0.0477974	0.00642579	2.6112e-16	0.0300143	0.0945152	0.0191272	0.0208516	2.20723e-07	0.000470088
195	0.0486991	0.382319	0.0250914	0.0361849	0.00116675	2.54126e-16	0.0318619	0.18992	0.0211824	0.0224351	1.55747e-07	0.000256227
196	0.0591324	0.291279	0.0377658	0.0354821	0.00133609	2.74222e-16	0.038792	0.302328	0.0291038	0.0234541	4.19791e-07	0.000304011
197	0.0285126	0.0735311	0.018426	0.0181214	8.35234e-05	3.36576e-16	0.0216876	0.082738	0.0136004	0.0152481	5.93416e-07	0.000140078
198	0.0528121	0.383718	0.0334078	0.0341679	0.000531804	2.48474e-16	0.0361574	0.32468	0.025596	0.0230438	3.78233e-07	0.000208537
199	0.101388	1.85453	0.0514957	0.081957	0.000140478	3.0287e-16	0.0343721	0.118822	0.0267817	0.01757	2.89686e-07	0.000630121
200	0.0741339	0.829376	0.0457511	0.0355965	0.0173372	2.68512e-16	0.0332667	0.145741	0.0245305	0.0203039	2.473e-07	0.000428506
201	0.0804141	0.357837	0.054149	0.040936	0.00284855	2.99288e-16	0.038379	0.139378	0.0301996	0.0209017	3.10941e-07	0.000430484
202	0.0837868	0.343696	0.056569	0.0455951	0.00214507	3.06334e-16	0.0573364	0.294923	0.0398222	0.0363654	6.03586e-07	0.000364541
203	0.0533731	0.167161	0.0360786	0.0268033	0.00117201	2.89555e-16	0.0371206	0.122516	0.0295059	0.0186692	2.37389e-07	0.000279253
204	0.0367172	0.104805	0.0252823	0.019777	0.000146709	3.04019e-16	0.0301525	0.104746	0.0223326	0.018104	1.85128e-07	0.0001169
206	0.0882785	1.20245	0.0673263	0.0459042	0.000427086	2.76423e-16	0.026539	0.106034	0.0182097	0.0168158	1.72232e-07	0.000457138
207	0.751131	15.4711	0.633532	0.381612	0.0433708	3.00852e-16	0.0381384	0.156782	0.0320355	0.0182399	1.07273e-07	0.00419089
208	0.0591662	0.436539	0.0361325	0.03878	0.0006386	2.66898e-16	0.0250735	0.0477099	0.0203592	0.0117987	2.41439e-07	0.000310453
209	0.056568	0.419437	0.0467113	0.018263	0.000492318	3.35695e-16	0.0270338	0.0566928	0.0190882	0.0169161	1.86079e-07	0.00031984
213	0.182419	1.54946	0.12223	0.099775	0.0415648	3.33573e-16	0.0727746	0.560266	0.0593601	0.0305428	1.28266e-06	0.000963676
214	0.122944	1.19827	0.0955415	0.0586329	0.00247712	2.74589e-16	0.0947421	1.17819	0.0778615	0.0503682	2.67663e-06	0.000327911
216	0.0880105	0.360672	0.0546756	0.046505	0.002729	2.87856e-16	0.04777	0.31869	0.0388737	0.0211305	1.45764e-07	0.000429397
217	0.241981	1.04694	0.168372	0.112106	0.0423621	2.7888e-16	0.0506942	0.143726	0.0371904	0.0308969	4.83425e-07	0.0013375
219	0.218394	2.309	0.102299	0.173562	0.0186761	2.26814e-16	0.0517406	0.217879	0.040635	0.0263769	2.43629e-07	0.00138475
222	0.0660797	0.19887	0.0501426	0.031363	0.000783244	2.56098e-16	0.0431412	0.133853	0.0322846	0.0267488	1.70135e-07	0.000230927
223	0.108333	0.579932	0.0621189	0.0703939	0.00204822	2.78568e-16	0.0518566	0.117587	0.0385175	0.0310031	4.77184e-07	0.000493255
225	0.115143	0.685665	0.0840851	0.0384199	0.0108941	3.0572e-16	0.0417614	0.113451	0.0264872	0.0287529	1.69281e-07	0.000617131
