FocalLength	QR_Kcost	QR_Focalcost	QR_PPcost	QR_Skewcost	IAC_Kcost	IAC_Focalcost	IAC_PPcost	IAC_Skewcost
10	0.470114	0.306451	0.265503	0.0360798	0.605176	0.347675	0.424593	0.027725
11	0.489192	0.319328	0.279835	0.0392961	0.612886	0.369253	0.422975	0.0230542
12	0.472265	0.321014	0.25283	0.0360935	0.602136	0.365253	0.418133	0.0180925
13	0.422801	0.264795	0.243324	0.0310464	0.513505	0.301926	0.355397	0.0150852
14	0.422449	0.275065	0.241583	0.0285846	0.52517	0.320934	0.361538	0.0134319
15	0.402552	0.270985	0.227468	0.0218483	0.508227	0.306275	0.354494	0.0100986
16	0.379965	0.242526	0.224881	0.017607	0.472377	0.280435	0.331782	0.00917351
17	0.352799	0.230225	0.199242	0.0205681	0.441055	0.264281	0.313655	0.00729256
18	0.339825	0.212985	0.194036	0.0204251	0.414573	0.245378	0.292423	0.00687778
19	0.341396	0.218842	0.199956	0.0172157	0.418236	0.247365	0.300497	0.00591591
20	0.341108	0.230465	0.186576	0.0199998	0.390513	0.241334	0.270007	0.00523604
21	0.333814	0.223635	0.183279	0.018424	0.389441	0.243924	0.265824	0.00461771
22	0.333303	0.213679	0.196453	0.0157774	0.380908	0.228464	0.268841	0.00463877
23	0.314719	0.200248	0.186053	0.0165083	0.363473	0.221152	0.257758	0.00369484
24	0.307351	0.198985	0.183001	0.0135775	0.355011	0.218701	0.250771	0.00344533
25	0.307466	0.199249	0.183154	0.0141781	0.36428	0.222498	0.258469	0.00300788
26	0.293974	0.192587	0.16739	0.0139147	0.342202	0.214828	0.232981	0.00298635
27	0.299767	0.189175	0.180182	0.012361	0.350457	0.216449	0.245836	0.00256089
28	0.276437	0.179717	0.16036	0.0141172	0.330064	0.202941	0.231889	0.00241045
29	0.281981	0.17722	0.170432	0.0122564	0.314128	0.190972	0.223094	0.00220271
30	0.28674	0.186694	0.168625	0.012556	0.315232	0.198133	0.217641	0.00194074
31	0.254849	0.164713	0.158492	0.00583549	0.289512	0.178796	0.203317	0.00183002
32	0.249863	0.160381	0.148488	0.00891938	0.288857	0.176952	0.204953	0.00164916
33	0.26103	0.164163	0.161466	0.00856734	0.291749	0.178868	0.206289	0.0016159
34	0.254494	0.163413	0.151948	0.00925663	0.289319	0.178115	0.203677	0.00146746
35	0.246775	0.154314	0.150186	0.00839089	0.271475	0.166237	0.189614	0.00129486
36	0.23669	0.155467	0.14175	0.00691899	0.275273	0.169199	0.197915	0.00119245
37	0.249648	0.166446	0.145476	0.00778432	0.278432	0.175866	0.194703	0.00119729
38	0.2375	0.150852	0.142415	0.00867547	0.264129	0.164445	0.184989	0.00100891
39	0.235621	0.151603	0.143235	0.00726905	0.260475	0.164262	0.182654	0.000929765
40	0.212616	0.136614	0.129054	0.00607475	0.237791	0.146268	0.168683	0.000896527
41	0.20557	0.132417	0.12509	0.00493539	0.226852	0.139238	0.160963	0.000827612
42	0.209712	0.13135	0.12651	0.00831049	0.234899	0.142521	0.168951	0.000738117
43	0.216074	0.13797	0.134322	0.00614925	0.232761	0.146779	0.161344	0.000791367
44	0.2267	0.141785	0.139854	0.00684095	0.249098	0.154222	0.176515	0.00065626
45	0.194796	0.124579	0.117593	0.0054741	0.213439	0.13448	0.14784	0.000655848
46	0.186232	0.121741	0.108155	0.00593171	0.217905	0.136016	0.153663	0.000638359
47	0.212449	0.132836	0.127952	0.00754979	0.225714	0.145179	0.152343	0.000549892
48	0.179156	0.112987	0.109305	0.00537545	0.194716	0.122919	0.135312	0.000498607
49	0.187503	0.12181	0.11086	0.00527227	0.208957	0.128989	0.148561	0.00051492
50	0.188527	0.114974	0.120254	0.00449452	0.204896	0.125558	0.145932	0.000466519
51	0.179938	0.115515	0.109963	0.00456184	0.198728	0.124545	0.138267	0.000465789
52	0.179939	0.115008	0.105266	0.00604393	0.198619	0.125265	0.137471	0.00046748
53	0.171694	0.108209	0.105747	0.004656	0.184222	0.116687	0.129135	0.000417365
54	0.172052	0.109473	0.103703	0.00453743	0.180923	0.115607	0.124677	0.0003852
55	0.175825	0.115058	0.104749	0.00506081	0.193927	0.124106	0.133272	0.000408405
56	0.153346	0.0994178	0.090853	0.00354577	0.164044	0.106943	0.110997	0.000336662
57	0.155565	0.0992943	0.0925129	0.0044487	0.172747	0.107547	0.12069	0.000332669
58	0.153557	0.101711	0.0908341	0.00341249	0.170925	0.108748	0.116505	0.00033979
59	0.14582	0.0927154	0.0879748	0.0031043	0.165382	0.10122	0.115947	0.000313758
60	0.161926	0.102224	0.100892	0.00439531	0.170004	0.106159	0.119711	0.000305818
61	0.149796	0.0930495	0.0946898	0.00289528	0.161406	0.0991268	0.114384	0.000264219
62	0.15704	0.0986398	0.0970205	0.00358713	0.16635	0.105688	0.11313	0.000268984
63	0.156944	0.0988739	0.0954922	0.00400023	0.16745	0.104106	0.117416	0.000254227
64	0.133976	0.0849908	0.083946	0.00241981	0.14759	0.0947213	0.100893	0.000230654
65	0.149733	0.0966902	0.0890949	0.00367876	0.158029	0.100243	0.110666	0.000219258
66	0.150355	0.0954673	0.0946049	0.00301918	0.160627	0.098363	0.114967	0.000220966
67	0.11833	0.0735979	0.0759832	0.00183106	0.124539	0.0772419	0.087901	0.00020893
68	0.122593	0.0793235	0.0735069	0.00230368	0.138184	0.0882946	0.0938877	0.000187028
69	0.130303	0.0819476	0.0806984	0.00276311	0.143274	0.0879939	0.101481	0.000178284
70	0.140824	0.0881963	0.0865954	0.00336661	0.147222	0.0915057	0.102894	0.000201788
71	0.120074	0.0749658	0.0774843	0.00162101	0.13406	0.0811823	0.0965121	0.000185087
72	0.118159	0.0745543	0.0727659	0.00230728	0.128098	0.0802039	0.0893503	0.000166
73	0.106195	0.0679502	0.0663911	0.001971	0.112216	0.0706563	0.0789836	0.000152076
74	0.110566	0.0706967	0.0671165	0.00205913	0.120323	0.0762556	0.0834392	0.000152221
75	0.120714	0.078594	0.0741272	0.00136808	0.132577	0.0839127	0.0914168	0.000158747
76	0.134214	0.0860003	0.0815953	0.00289526	0.143866	0.0901915	0.100488	0.000145448
77	0.10349	0.0670201	0.0631744	0.00140944	0.111458	0.0708215	0.0755163	0.000132478
78	0.127684	0.0790551	0.0811322	0.00239991	0.137742	0.0832771	0.0994203	0.00014543
79	0.114327	0.0747216	0.0692985	0.00176955	0.128141	0.0787827	0.0916799	0.000138114
80	0.103187	0.0668594	0.0650638	0.00112866	0.110504	0.0691967	0.0776556	0.000107492
81	0.107368	0.068064	0.0668598	0.00208153	0.110063	0.0712454	0.0753075	0.000115442
82	0.102651	0.0646124	0.063568	0.0019449	0.110147	0.0674915	0.0781053	0.000113554
83	0.099735	0.0630629	0.0603399	0.00183512	0.109031	0.0678014	0.0760992	0.000102789
84	0.0979335	0.0623152	0.060747	0.00121721	0.10215	0.0649176	0.0704414	0.000102784
85	0.0953103	0.060713	0.0582783	0.00126212	0.103122	0.0656597	0.0713739	0.000104051
86	0.101854	0.062977	0.0641869	0.00165052	0.102876	0.0648995	0.0715915	9.51864e-05
87	0.0975578	0.0628	0.0612796	0.00108717	0.101392	0.0651319	0.07001	9.1719e-05
88	0.0981657	0.0648222	0.0586392	0.0011692	0.104036	0.0673919	0.0706889	9.38571e-05
89	0.0946209	0.0584935	0.0603754	0.00134083	0.10243	0.0634893	0.0727542	8.57867e-05
90	0.100515	0.0647285	0.0620021	0.00112523	0.10935	0.0708061	0.0737396	9.24935e-05
91	0.115311	0.0729126	0.0731766	0.00168726	0.124006	0.077916	0.0872905	8.79476e-05
92	0.0954577	0.0602491	0.0603868	0.00130697	0.102574	0.0644581	0.0722587	7.59784e-05
93	0.092641	0.0593405	0.0562264	0.00132909	0.0986798	0.0631004	0.0679771	7.64313e-05
94	0.0936718	0.059757	0.058412	0.0012363	0.0977187	0.062377	0.0676359	7.26635e-05
95	0.101775	0.0652858	0.0614901	0.00165573	0.109408	0.06786	0.076453	8.23697e-05
96	0.0915051	0.0590003	0.0560103	0.00120561	0.0955025	0.0611842	0.0649096	6.97274e-05
97	0.0837379	0.0537679	0.050955	0.00111153	0.0929603	0.0578939	0.0657633	7.15653e-05
98	0.0868991	0.0568811	0.053596	0.000866017	0.0918663	0.0602475	0.0615778	6.12189e-05
99	0.106142	0.0624696	0.0686384	0.00513908	0.106856	0.0631262	0.0766229	0.00164875
100	0.0891768	0.0567781	0.056145	0.00115077	0.0916542	0.0572987	0.0649162	7.14193e-05
101	0.0904062	0.0553772	0.0570428	0.00155723	0.0929933	0.0574786	0.0662332	5.50356e-05
102	0.071946	0.0448861	0.0448026	0.000904735	0.0790968	0.0483697	0.056459	6.23577e-05
103	0.0768104	0.049677	0.0478454	0.000722467	0.0817704	0.0506335	0.0583201	5.70556e-05
104	0.0642726	0.0380653	0.0428893	0.00064227	0.0703723	0.0415411	0.0512955	5.71608e-05
105	0.0838818	0.0527958	0.0509494	0.00127563	0.089969	0.0550911	0.0643252	6.17687e-05
106	0.0827423	0.0533267	0.0498682	0.00108911	0.0881292	0.0570134	0.0599811	5.73281e-05
107	0.0808745	0.0500965	0.0497756	0.00135945	0.0816721	0.0510355	0.0576704	5.37337e-05
108	0.087347	0.0529924	0.0559306	0.00126663	0.0934392	0.056634	0.0671907	5.37465e-05
109	0.0814301	0.0500182	0.0503068	0.00120379	0.0836163	0.051767	0.0593764	5.09861e-05
110	0.0989662	0.0633542	0.0609802	0.00171933	0.101869	0.065883	0.0693163	5.09142e-05
111	0.0649028	0.0418629	0.0410664	0.000461406	0.0707924	0.0451892	0.0494586	4.71216e-05
112	0.0753911	0.0458255	0.0482153	0.000974345	0.085661	0.049952	0.0632128	5.20717e-05
113	0.0689803	0.0434805	0.0434916	0.000540741	0.0752179	0.0462427	0.05369	5.01237e-05
114	0.0783572	0.049071	0.049894	0.000900249	0.083131	0.0513369	0.0590807	4.48763e-05
115	0.0638437	0.0416713	0.0374383	0.000714583	0.0692186	0.0443658	0.0478803	4.23695e-05
116	0.0624619	0.0404213	0.0386324	0.000426223	0.0647852	0.0413881	0.0445621	3.90685e-05
117	0.0621886	0.0387162	0.0387005	0.000578124	0.0622961	0.0393457	0.0427403	3.56759e-05
118	0.0710657	0.0436989	0.0448392	0.000928891	0.0747652	0.0473435	0.0517151	4.13342e-05
119	0.0647988	0.0400283	0.0412111	0.000556453	0.068734	0.0426737	0.0484646	4.00288e-05
120	0.0757021	0.0480672	0.0456669	0.00126406	0.0780924	0.0493943	0.0541872	3.70162e-05
121	0.068055	0.0436037	0.0415358	0.000783176	0.0719087	0.0460363	0.0498073	3.47432e-05
122	0.117168	0.0715406	0.0784853	0.0082069	0.120224	0.0739511	0.0850904	0.00468301
123	0.0698728	0.0455472	0.0421481	0.000883499	0.0775479	0.0506938	0.0527351	3.58154e-05
124	0.072722	0.0471062	0.043853	0.00110998	0.0773167	0.048796	0.0543871	3.37226e-05
125	0.0723249	0.045367	0.0445306	0.00101426	0.0760038	0.0480645	0.05288	3.46487e-05
126	0.0640884	0.0397758	0.0408577	0.000655451	0.066788	0.0415843	0.0473811	3.75697e-05
127	0.0684066	0.0423496	0.0429142	0.000906293	0.0718318	0.0447008	0.0507577	3.36834e-05
128	0.0597412	0.0377274	0.037671	0.00050606	0.0622206	0.0384719	0.0438694	4.11411e-05
129	0.059488	0.0374257	0.0375649	0.000531682	0.0644446	0.0402319	0.0455653	2.90009e-05
130	0.0531783	0.0323662	0.0344026	0.000478666	0.0592372	0.0349456	0.0435165	3.30599e-05
131	0.0582326	0.0367065	0.0369008	0.000398376	0.0622673	0.0395094	0.0432655	2.78124e-05
132	0.0635218	0.0400289	0.0391302	0.00085751	0.0651555	0.0417382	0.0448503	2.71666e-05
133	0.0593104	0.0381799	0.0370062	0.000414959	0.0653812	0.0412867	0.0455041	2.61018e-05
134	0.0524567	0.0318266	0.0345561	0.000386329	0.0580661	0.0349959	0.0418079	2.99078e-05
135	0.0522387	0.0333168	0.0320583	0.000356696	0.0561403	0.0360094	0.0384813	2.68852e-05
136	0.0633512	0.0401087	0.039293	0.000668064	0.0669671	0.0419152	0.0473726	2.92572e-05
137	0.0544709	0.0322922	0.0338501	0.000818772	0.0558941	0.0341018	0.0398469	2.79723e-05
138	0.054662	0.0343722	0.0342554	0.000528435	0.058351	0.0358356	0.0415715	2.667e-05
139	0.0529065	0.033126	0.0335295	0.000477526	0.0552968	0.0353781	0.0378557	2.55124e-05
140	0.0688467	0.0434426	0.0428159	0.000852747	0.0695087	0.045284	0.0467422	2.62214e-05
141	0.0493543	0.0309964	0.0306968	0.000417117	0.0530825	0.0319113	0.0380297	2.33893e-05
142	0.057157	0.0371438	0.0354702	0.000563667	0.0584409	0.0374621	0.0404339	2.25192e-05
143	0.0477675	0.0297393	0.0302781	0.000310632	0.0512509	0.0308717	0.0369429	2.57767e-05
144	0.0514433	0.0325283	0.0323506	0.000324392	0.0560104	0.0355613	0.0386691	2.44087e-05
145	0.055146	0.0341568	0.0350868	0.000480136	0.0581711	0.0368606	0.0405238	2.37711e-05
146	0.0501993	0.0328681	0.0298293	0.000320036	0.0534151	0.034176	0.0359574	4.8564e-05
147	0.0540362	0.034735	0.033639	0.000423176	0.0550168	0.0350742	0.0381717	2.2018e-05
148	0.0520387	0.0331683	0.0325762	0.000382212	0.0558873	0.0344141	0.0396328	2.17853e-05
149	0.0487242	0.0308483	0.030331	0.00035618	0.0523261	0.0339559	0.0357553	2.1388e-05
150	0.0605769	0.0388775	0.0372442	0.000547558	0.0629725	0.0400016	0.0433407	2.31486e-05
151	0.0543014	0.0336744	0.0331138	0.000705402	0.0600283	0.037982	0.0416644	2.37758e-05
152	0.053569	0.0338662	0.0331827	0.000544729	0.0545915	0.0344903	0.0377513	2.06211e-05
153	0.0475566	0.0304102	0.029372	0.000345306	0.0480007	0.0307249	0.0329151	1.99931e-05
154	0.0547988	0.0333957	0.0349402	0.000472659	0.0575472	0.0362228	0.039915	2.05016e-05
155	0.0443655	0.027481	0.0286887	0.000266172	0.0475076	0.0298775	0.0325144	1.88326e-05
156	0.0482267	0.0304374	0.0297125	0.000437958	0.0498504	0.0321954	0.034204	1.9614e-05
157	0.0547237	0.0348101	0.0338362	0.000403287	0.0588784	0.0382648	0.0400409	2.15549e-05
158	0.0543197	0.0341102	0.0338096	0.000475792	0.0547002	0.0343914	0.037479	1.97433e-05
159	0.0506516	0.0304081	0.0326589	0.000506306	0.0525161	0.0308879	0.038175	1.98869e-05
160	0.0502376	0.0315036	0.0323997	0.000362758	0.0534662	0.0337169	0.0377542	1.89244e-05
161	0.0461189	0.0298541	0.0295021	0.000193794	0.0485504	0.0310644	0.0336546	1.80073e-05
162	0.0522879	0.0332969	0.0313797	0.000560913	0.0544399	0.0353929	0.036516	1.70639e-05
163	0.0543406	0.0345073	0.0329401	0.000526733	0.0552897	0.035518	0.0379252	1.73808e-05
164	0.0585423	0.0355805	0.0370627	0.000674411	0.0605484	0.0386451	0.0420789	1.79928e-05
165	0.0408422	0.0258104	0.0263101	0.000165027	0.0419423	0.027012	0.0286533	1.58553e-05
166	0.0495499	0.0304664	0.0310321	0.000451282	0.0523021	0.0332234	0.0360296	1.97214e-05
167	0.0414873	0.0255803	0.0267334	0.000235959	0.0414009	0.0263574	0.0288186	1.5854e-05
168	0.0486543	0.0306738	0.0306389	0.000306624	0.048828	0.0305133	0.0342707	2.6379e-05
169	0.0459731	0.0285745	0.0286935	0.000510062	0.0483137	0.0306392	0.0332471	1.53544e-05
170	0.0507264	0.0326519	0.0320203	0.000230061	0.0518229	0.0340115	0.0343379	1.6948e-05
171	0.0568329	0.0355653	0.0350255	0.000712908	0.0607411	0.0390055	0.041771	1.76745e-05
172	0.052713	0.0320644	0.0349222	0.000301775	0.0571818	0.0344324	0.0414837	1.75336e-05
173	0.0499628	0.0315816	0.0321356	0.00031131	0.0521751	0.0328001	0.0365905	1.8094e-05
174	0.0408686	0.0265547	0.0250253	0.000229231	0.044584	0.0280256	0.0309835	1.68066e-05
175	0.0402978	0.0257467	0.025325	0.000152353	0.0439656	0.028091	0.0301656	1.6104e-05
176	0.0443134	0.0285392	0.0273564	0.00043875	0.0461806	0.0299259	0.0319055	1.52481e-05
177	0.0456845	0.0286741	0.0282918	0.000413198	0.0470397	0.0298176	0.0325914	1.6471e-05
178	0.0558641	0.0359291	0.0334374	0.000780644	0.0557382	0.0365698	0.0376143	1.53351e-05
179	0.0361133	0.0223806	0.0228395	0.000254248	0.0367854	0.0227242	0.0260578	1.52242e-05
180	0.0459395	0.0288306	0.0287539	0.000428308	0.0457436	0.0297015	0.0309939	1.47423e-05
181	0.0427701	0.0259419	0.0278816	0.00023676	0.0457326	0.0286702	0.0319638	1.55427e-05
182	0.0403132	0.0247523	0.0255067	0.000299074	0.0427647	0.0264677	0.030118	1.44975e-05
183	0.0490406	0.0305876	0.0313407	0.000386889	0.0506331	0.0318557	0.0353991	1.69238e-05
184	0.0419293	0.025316	0.0267708	0.000525962	0.0434573	0.027611	0.0298144	1.51282e-05
185	0.0484745	0.0297825	0.031094	0.00039895	0.049779	0.030761	0.0351771	1.53407e-05
186	0.0432223	0.0274036	0.0266393	0.00033147	0.0448237	0.0290285	0.0307169	3.54903e-05
187	0.037804	0.0242356	0.0232391	0.000218683	0.0393108	0.0257254	0.0263335	1.45117e-05
188	0.045295	0.0281859	0.0288601	0.000266652	0.0461091	0.0293828	0.0322181	1.56306e-05
189	0.0474554	0.0306526	0.0300352	0.000212633	0.0512331	0.0330767	0.0349069	1.40866e-05
190	0.0498215	0.0306178	0.0324422	0.000293146	0.052526	0.033166	0.0365714	1.66792e-05
191	0.0454908	0.0295279	0.0286982	0.000219635	0.0467742	0.0305275	0.0314985	1.41419e-05
192	0.0434371	0.0267566	0.0265952	0.000481486	0.0442423	0.0286943	0.0299202	1.44989e-05
193	0.0448598	0.0274836	0.0292361	0.000267363	0.0474853	0.0297108	0.0332297	1.45816e-05
194	0.0446785	0.0286873	0.0277822	0.000295604	0.0449666	0.0290434	0.0303825	1.67681e-05
195	0.0518621	0.0325278	0.0325975	0.000475455	0.0531008	0.0337107	0.0366285	1.57118e-05
196	0.0365915	0.0227933	0.0232962	0.000188154	0.0388894	0.0246097	0.0269632	1.36744e-05
197	0.0409055	0.0266457	0.0256186	0.000152692	0.0419878	0.0279097	0.027753	1.31204e-05
198	0.0471333	0.0294956	0.0304509	0.000221002	0.0467049	0.02946	0.0321091	1.66628e-05
199	0.0480359	0.0312326	0.0294649	0.000317958	0.0484017	0.0325848	0.0316397	1.54298e-05
200	0.0551129	0.0348679	0.0351815	0.000657865	0.0549668	0.035239	0.0375	1.48816e-05
201	0.0558165	0.0365835	0.0332473	0.000844717	0.0544879	0.0356607	0.0373238	1.55284e-05
202	0.0415478	0.0263614	0.0262229	0.000299268	0.0436064	0.0272495	0.0304179	1.50521e-05
203	0.0448548	0.0286205	0.0281134	0.000227044	0.0466567	0.0296488	0.0319056	1.59883e-05
204	0.0511923	0.031578	0.0326574	0.000397424	0.0535025	0.0336168	0.0372048	1.79944e-05
205	0.0429248	0.0280279	0.0262725	0.000242164	0.0444896	0.0298324	0.0290045	1.46039e-05
206	0.0527985	0.0337582	0.0338398	0.000235573	0.0536671	0.0348197	0.0360717	1.62147e-05
207	0.0497731	0.0316682	0.0316183	0.000454161	0.0509473	0.0322826	0.0346376	1.36173e-05
208	0.053296	0.033345	0.0331228	0.00060882	0.0534743	0.0346734	0.0364051	1.43796e-05
209	0.0478562	0.0308875	0.0298864	0.000284921	0.047717	0.0321429	0.0313231	1.41607e-05
210	0.0472413	0.0298999	0.030332	0.000348038	0.0486069	0.0310681	0.0338507	1.4397e-05
211	0.0428843	0.0267905	0.0263184	0.00040352	0.0429324	0.0275823	0.0293199	1.46935e-05
212	0.0397704	0.0245083	0.0257651	0.000189294	0.0408658	0.0257119	0.0283919	1.43065e-05
213	0.0420594	0.0267448	0.0273643	0.000219742	0.0440948	0.0277802	0.0310376	1.37684e-05
214	0.0411576	0.0258556	0.0261622	0.000201589	0.0418663	0.0264844	0.0289712	1.51183e-05
215	0.044974	0.0276009	0.0292552	0.000246245	0.0459994	0.0286768	0.0319765	1.56046e-05
216	0.0476436	0.0303168	0.0291084	0.000411273	0.0485328	0.0316638	0.0325613	1.41885e-05
217	0.0381699	0.025012	0.0243743	0.000121607	0.038844	0.0251574	0.0263858	1.35532e-05
218	0.0443872	0.0284917	0.0276158	0.000303092	0.0469255	0.0300751	0.0322457	1.48907e-05
219	0.052398	0.0328976	0.0330732	0.000452653	0.0511821	0.0335658	0.0341093	1.52507e-05
220	0.0447471	0.0263971	0.0290101	0.000392803	0.0440276	0.0275602	0.0305144	1.39127e-05
221	0.0439758	0.0283017	0.0270403	0.000285637	0.0444416	0.0291574	0.0296763	1.53632e-05
222	0.0571624	0.0343841	0.0379037	0.000582147	0.057854	0.0356902	0.0405531	1.49464e-05
223	0.0512813	0.0317105	0.0327615	0.000420224	0.0520265	0.0339156	0.0349537	1.45796e-05
224	0.0369641	0.0229551	0.0229033	0.000261027	0.0377131	0.0239979	0.0260532	1.25568e-05
225	0.0538727	0.0345722	0.0336154	0.000438603	0.0560464	0.0371081	0.037573	1.58673e-05
226	0.0402316	0.0257727	0.0251277	0.000218457	0.0399097	0.0259371	0.0270886	1.28145e-05
227	0.055174	0.0336549	0.0370189	0.000295594	0.0552367	0.0336521	0.0393041	1.544e-05
228	0.0537879	0.0348105	0.0333964	0.000391249	0.0546934	0.0359119	0.0370186	1.4688e-05
229	0.0395391	0.0242402	0.0251514	0.000257589	0.0398525	0.0249616	0.0280159	1.38468e-05
230	0.0539122	0.0353584	0.0340617	0.000286319	0.0533768	0.0361362	0.0350441	1.54415e-05
231	0.0509686	0.0314367	0.0325349	0.0006136	0.0497369	0.0326492	0.0331303	1.41518e-05
232	0.047186	0.0294886	0.029748	0.000400369	0.0469879	0.0300244	0.0324519	1.54603e-05
233	0.0354958	0.0226332	0.0222532	0.000156122	0.0366843	0.0237543	0.0247076	1.31089e-05
234	0.0498129	0.0313682	0.0311659	0.000334579	0.0483464	0.0324097	0.0312993	1.44798e-05
235	0.0545235	0.0330623	0.0356972	0.000763387	0.0546772	0.0340558	0.0385229	1.714e-05
236	0.0484723	0.0308957	0.0303081	0.000473336	0.0476546	0.0315617	0.0314551	1.71308e-05
237	0.05422	0.0345423	0.033834	0.000407095	0.0539991	0.035586	0.0359464	1.62287e-05
238	0.0397614	0.0250468	0.0252669	0.000196342	0.0390265	0.0253727	0.0262645	1.37974e-05
239	0.0418571	0.0264972	0.0262591	0.000324974	0.0416028	0.0270706	0.0280652	1.29588e-05
240	0.0436782	0.0274502	0.0278913	0.000245924	0.0448629	0.0284941	0.0308173	1.30237e-05
241	0.0687347	0.0421741	0.0444434	0.00185318	0.0586996	0.040413	0.0371098	2.04451e-05
242	0.0498459	0.0324848	0.0309073	0.000230167	0.0514805	0.0347347	0.0332454	1.59993e-05
243	0.0421982	0.0265846	0.0271872	0.000180225	0.0429114	0.0278227	0.0288162	1.58204e-05
244	0.054836	0.0362565	0.0335501	0.000410002	0.0536794	0.0369318	0.034406	1.41838e-05
245	0.0449076	0.0287274	0.0285183	0.00022486	0.0463613	0.0294323	0.0319685	1.38097e-05
246	0.0509361	0.0299742	0.0349603	0.00026831	0.0528325	0.031363	0.0385906	1.48222e-05
247	0.0466613	0.0290328	0.0299891	0.000200907	0.0482059	0.0306791	0.0332555	1.68826e-05
248	0.0500556	0.0316157	0.032727	0.000177012	0.0552931	0.0360475	0.0375993	1.51481e-05
249	0.0352062	0.021982	0.0225938	0.000167256	0.0342944	0.022036	0.0232976	1.32221e-05
250	0.0513835	0.0312624	0.0337726	0.000364785	0.050915	0.0323691	0.0350468	1.52499e-05
251	0.0552583	0.0353512	0.0347246	0.000351535	0.0550468	0.0367319	0.0360548	1.78554e-05
252	0.0541376	0.0328643	0.0348132	0.000546699	0.0528259	0.0349013	0.0349104	1.77903e-05
253	0.0568356	0.034208	0.036966	0.000436922	0.0527015	0.0335859	0.0357542	1.67059e-05
254	0.0534516	0.0322799	0.0350857	0.000385874	0.0525049	0.0340481	0.0352376	1.64031e-05
255	0.0529718	0.0332697	0.0338345	0.000692456	0.0517438	0.0331967	0.0351736	1.63743e-05
256	0.0474549	0.0296671	0.0308939	0.000257997	0.0472059	0.0296886	0.0327877	1.57951e-05
257	0.0535715	0.0337616	0.0346165	0.000282734	0.0530297	0.0341834	0.0358368	1.69829e-05
258	0.0519561	0.0330614	0.0320999	0.000552596	0.0518263	0.0337152	0.0348802	1.69659e-05
259	0.0433256	0.0275758	0.0271388	0.000246139	0.043394	0.0286427	0.0287053	1.42493e-05
260	0.054142	0.0332009	0.0350706	0.000752154	0.0521242	0.0335747	0.0358362	1.63655e-05
261	0.057454	0.0362687	0.0366667	0.000402032	0.0586489	0.0370242	0.0402826	1.8278e-05
262	0.0511125	0.0318473	0.0321078	0.000418449	0.0509031	0.032971	0.0346077	1.5957e-05
263	0.0520342	0.0334839	0.0325014	0.000348353	0.05348	0.0353205	0.0350358	1.66383e-05
264	0.0568911	0.0369201	0.0354724	0.000311902	0.057649	0.037868	0.0384925	2.01142e-05
265	0.0444093	0.0284955	0.0278559	0.000259736	0.0445127	0.0295121	0.0295702	1.64584e-05
266	0.0558424	0.0367779	0.0351711	0.000257776	0.0558508	0.0372746	0.0365623	1.75827e-05
267	0.0549438	0.0338877	0.0364747	0.000436925	0.0519354	0.0338979	0.035352	1.91325e-05
268	0.0623613	0.0388042	0.0403249	0.00104725	0.0575872	0.0377969	0.0387108	1.85387e-05
269	0.0473026	0.0305097	0.0292214	0.000371598	0.0484926	0.0311508	0.032928	1.5572e-05
270	0.0461003	0.0296642	0.0290276	0.000265414	0.0444924	0.0300207	0.028642	1.57225e-05
271	0.0581359	0.0358531	0.037824	0.000485739	0.0579653	0.0380319	0.0389472	1.80564e-05
272	0.0557051	0.0341949	0.0351507	0.00106352	0.0537921	0.0354158	0.0359462	1.87052e-05
273	0.0479323	0.029329	0.0312512	0.000302898	0.0469303	0.0298428	0.0324295	1.60062e-05
274	0.0507739	0.0328553	0.032296	0.000217283	0.0505564	0.0340569	0.0329537	1.80464e-05
275	0.0689854	0.042948	0.0415899	0.00578228	0.0593844	0.0390273	0.039809	1.97532e-05
276	0.0576453	0.037045	0.0357323	0.00035491	0.0616866	0.039936	0.0415634	1.81299e-05
277	0.0596874	0.0370479	0.0379411	0.000562713	0.0584156	0.0383778	0.0389246	1.8869e-05
278	0.0617378	0.0386074	0.0402227	0.000493331	0.0634581	0.0410559	0.0434593	1.79001e-05
279	0.0564292	0.0347702	0.0359099	0.000426198	0.0542573	0.0350245	0.0366185	1.70481e-05
280	0.0411922	0.0249498	0.0273246	0.000223129	0.0419852	0.0261767	0.0293225	1.61699e-05
281	0.0479734	0.0298644	0.0304241	0.000524522	0.0488435	0.0320725	0.0328882	1.65927e-05
282	0.0500681	0.0319103	0.0312786	0.00031209	0.0495621	0.0332063	0.0322128	1.59242e-05
283	0.051805	0.0323487	0.0326639	0.000423275	0.0496471	0.0334479	0.0319252	1.61727e-05
284	0.0552559	0.0346638	0.0346854	0.000778898	0.054087	0.0360191	0.0361607	1.93446e-05
285	0.0664516	0.0402094	0.0425505	0.00153846	0.0633566	0.0410576	0.0423681	2.39666e-05
286	0.0619122	0.0390524	0.0395834	0.000407539	0.0605386	0.0393302	0.0402035	2.10225e-05
287	0.0597102	0.0376016	0.0375435	0.000556451	0.0582813	0.0401542	0.03689	1.95489e-05
288	0.0570776	0.0350603	0.0375515	0.000385605	0.0562179	0.0358225	0.0387456	1.8067e-05
289	0.0634928	0.0376885	0.0425729	0.000488382	0.0614518	0.0387264	0.0425852	2.02042e-05
290	0.0588608	0.0370727	0.0379001	0.000354808	0.0576111	0.0375362	0.0386785	1.95825e-05
291	0.0606861	0.0384518	0.0391921	0.000456762	0.0623284	0.0399227	0.0431437	2.14049e-05
292	0.0516	0.0324819	0.0319393	0.000588515	0.0529024	0.0341877	0.0361384	1.77547e-05
293	0.061392	0.0367279	0.0403896	0.000786903	0.058774	0.0383066	0.0396523	2.22165e-05
294	0.0657801	0.0416232	0.0421515	0.00084301	0.0654814	0.0417911	0.0449378	2.32353e-05
295	0.0667857	0.0429583	0.0419455	0.000470337	0.065025	0.0424278	0.0436784	2.03749e-05
296	0.0619733	0.0385517	0.039677	0.00041171	0.0629981	0.0409925	0.0420655	2.04902e-05
297	0.0521883	0.0331764	0.0335726	0.000262515	0.0520634	0.0344778	0.0344457	1.91673e-05
298	0.0459619	0.0291589	0.0291137	0.000233521	0.0471003	0.0309308	0.0313397	1.57249e-05
299	0.0626647	0.0399886	0.0381081	0.000767404	0.0632194	0.0413878	0.0420238	1.91473e-05
